_source_file,batch_id,completion_tokens,latency,parameters,prompt_tokens,status,total_tokens,trace_id,processor,model,run_name,parameters.1,test_date,category
none,codestral_34a5_tpusg,2935,110.76,True,10240,failure,13175,e2fa0c7a,sg,codestral,e2fa_tpusg,True,8.24,codestral_tpusg_P
none,codestral_34a5_tpusg,3587,100.66,True,10240,failure,13827,4a9ec6c1,sg,codestral,4a9e_tpusg,True,8.24,codestral_tpusg_P
none,codestral_34a5_tpusg,1497,48.59,True,10240,failure,11737,d3b0c41c,sg,codestral,d3b0_tpusg,True,8.24,codestral_tpusg_P
none,codestral_34a5_tpusg,3526,99.3,True,10240,failure,13766,8c83b73e,sg,codestral,8c83_tpusg,True,8.24,codestral_tpusg_P
none,codestral_34a5_tpusg,4345,119.65,True,10240,failure,14585,05c6b27b,sg,codestral,05c6_tpusg,True,8.24,codestral_tpusg_P
none,codestral_34a5_tpusg,4510,123.81,True,10240,failure,14750,b7fe3732,sg,codestral,b7fe_tpusg,True,8.24,codestral_tpusg_P
none,codestral_34a5_tpusg,4510,121.42,True,8192,success,12702,9e769182,sg,codestral,9e76_tpusg,True,8.24,codestral_tpusg_P
none,codestral_34a5_tpusg,2899,83.79,True,10240,failure,13139,78aaf982,sg,codestral,78aa_tpusg,True,8.24,codestral_tpusg_P
none,codestral_34a5_tpusg,1879,58.22,True,10240,failure,12119,af461cf2,sg,codestral,af46_tpusg,True,8.24,codestral_tpusg_P
none,codestral_34a5_tpusg,3843,107.1,True,10240,failure,14083,080669ca,sg,codestral,0806_tpusg,True,8.24,codestral_tpusg_P
none,codestral_34a5_tpusg,2999,86.08,True,10240,failure,13239,3c64e3c0,sg,codestral,3c64_tpusg,True,8.24,codestral_tpusg_P
none,codestral_34a5_tpusg,4008,111.27,True,10240,failure,14248,6178a8ba,sg,codestral,6178_tpusg,True,8.24,codestral_tpusg_P
none,codestral_34a5_tpusg,3163,90.28,True,10240,failure,13403,fe366801,sg,codestral,fe36_tpusg,True,8.24,codestral_tpusg_P
none,codestral_34a5_tpusg,3333,94.54,True,10240,failure,13573,5c417668,sg,codestral,5c41_tpusg,True,8.24,codestral_tpusg_P
none,codestral_34a5_tpusg,1870,58.18,True,10240,failure,12110,848c87d0,sg,codestral,848c_tpusg,True,8.24,codestral_tpusg_P
none,codestral_34a5_tpusg,4595,125.75,True,10240,failure,14835,bb7cd13f,sg,codestral,bb7c_tpusg,True,8.24,codestral_tpusg_P
none,codestral_34a5_tpusg,4748,129.67,True,10240,failure,14988,87e17807,sg,codestral,87e1_tpusg,True,8.24,codestral_tpusg_P
none,codestral_34a5_tpusg,3240,92.46,True,10240,failure,13480,bb85b25d,sg,codestral,bb85_tpusg,True,8.24,codestral_tpusg_P
none,codestral_34a5_tpusg,2916,84.04,True,10240,failure,13156,66028d89,sg,codestral,6602_tpusg,True,8.24,codestral_tpusg_P
none,codestral_34a5_tpusg,2828,81.79,True,10240,failure,13068,cbeb60e2,sg,codestral,cbeb_tpusg,True,8.24,codestral_tpusg_P
none,codestral_34a5_tpusg,2664,77.72,True,10240,failure,12904,9228b258,sg,codestral,9228_tpusg,True,8.24,codestral_tpusg_P
none,codestral_34a5_tpusg,4314,118.91,True,10240,success,14554,edbf5547,sg,codestral,edbf_tpusg,True,8.24,codestral_tpusg_P
none,codestral_34a5_tpusg,4466,122.64,True,10240,failure,14706,d92dae75,sg,codestral,d92d_tpusg,True,8.24,codestral_tpusg_P
none,codestral_34a5_tpusg,4600,126.01,True,10240,failure,14840,4f0c1cce,sg,codestral,4f0c_tpusg,True,8.24,codestral_tpusg_P
none,codestral_34a5_tpusg,4145,114.76,True,10240,failure,14385,24f665ba,sg,codestral,24f6_tpusg,True,8.24,codestral_tpusg_P
none,codestral_34a5_tpusg,3007,81.81,True,6144,success,9151,786d9294,sg,codestral,786d_tpusg,True,8.24,codestral_tpusg_P
none,codestral_34a5_tpusg,3507,98.77,True,10240,failure,13747,6cd1a036,sg,codestral,6cd1_tpusg,True,8.24,codestral_tpusg_P
none,codestral_34a5_tpusg,3088,88.57,True,10240,failure,13328,8170d7d6,sg,codestral,8170_tpusg,True,8.24,codestral_tpusg_P
none,codestral_34a5_tpusg,1765,55.31,True,10240,failure,12005,88b30ba9,sg,codestral,88b3_tpusg,True,8.24,codestral_tpusg_P
none,codestral_34a5_tpusg,2257,67.89,True,10240,failure,12497,3b89eee0,sg,codestral,3b89_tpusg,True,8.24,codestral_tpusg_P
none,codestral_3adb_psg,2677,79.15,True,10052,failure,12729,24c0909f,sg,codestral,24c0_pysg,True,8.08,codestral_psg_P
none,codestral_3adb_psg,3437,98.48,True,10052,failure,13489,78815f66,sg,codestral,7881_pysg,True,8.08,codestral_psg_P
none,codestral_3adb_psg,3679,104.55,True,10052,success,13731,fafb1926,sg,codestral,fafb_pysg,True,8.08,codestral_psg_P
none,codestral_3adb_psg,3252,94.43,True,10052,failure,13304,e270f48c,sg,codestral,e270_pysg,True,8.08,codestral_psg_P
none,codestral_3adb_psg,3601,102.78,True,10052,failure,13653,6ef4f8a9,sg,codestral,6ef4_pysg,True,8.08,codestral_psg_P
none,codestral_3adb_psg,3503,100.27,True,10052,failure,13555,c48a3a5f,sg,codestral,c48a_pysg,True,8.08,codestral_psg_P
none,codestral_3adb_psg,2744,80.97,True,10052,failure,12796,8e48a243,sg,codestral,8e48_pysg,True,8.08,codestral_psg_P
none,codestral_3adb_psg,3200,92.56,True,10052,failure,13252,c1500322,sg,codestral,c150_pysg,True,8.08,codestral_psg_P
none,codestral_3adb_psg,3072,89.36,True,10052,failure,13124,75c9b49e,sg,codestral,75c9_pysg,True,8.08,codestral_psg_P
none,codestral_3adb_psg,3692,105.09,True,10052,failure,13744,2aa042e7,sg,codestral,2aa0_pysg,True,8.08,codestral_psg_P
none,codestral_3adb_psg,2499,74.73,True,10052,failure,12551,54aef750,sg,codestral,54ae_pysg,True,8.08,codestral_psg_P
none,codestral_3adb_psg,2896,84.73,True,10052,failure,12948,745c1cbe,sg,codestral,745c_pysg,True,8.08,codestral_psg_P
none,codestral_3adb_psg,2664,79.55,True,10052,failure,12716,88f65d47,sg,codestral,88f6_pysg,True,8.08,codestral_psg_P
none,codestral_3adb_psg,3980,112.33,True,10052,success,14032,2cfad9fe,sg,codestral,2cfa_pysg,True,8.08,codestral_psg_P
none,codestral_3adb_psg,3684,104.69,True,10052,failure,13736,9d3ee362,sg,codestral,9d3e_pysg,True,8.08,codestral_psg_P
none,codestral_3adb_psg,3144,91.06,True,10052,failure,13196,1c6b33ab,sg,codestral,1c6b_pysg,True,8.08,codestral_psg_P
none,codestral_3adb_psg,2603,77.92,True,10052,failure,12655,408021b7,sg,codestral,4080_pysg,True,8.08,codestral_psg_P
none,codestral_3adb_psg,3460,99.09,True,10052,failure,13512,9b2ca121,sg,codestral,9b2c_pysg,True,8.08,codestral_psg_P
none,codestral_3adb_psg,4010,113.13,True,10052,failure,14062,fca915f4,sg,codestral,fca9_pysg,True,8.08,codestral_psg_P
none,codestral_3adb_psg,2614,77.6,True,10052,failure,12666,25e7838f,sg,codestral,25e7_pysg,True,8.08,codestral_psg_P
none,codestral_3adb_psg,3940,111.23,True,10052,failure,13992,992303eb,sg,codestral,9923_pysg,True,8.08,codestral_psg_P
none,codestral_3adb_psg,3592,103.0,True,10052,failure,13644,250d0dca,sg,codestral,250d_pysg,True,8.08,codestral_psg_P
none,codestral_3adb_psg,2669,78.98,True,10052,failure,12721,a45c0eae,sg,codestral,a45c_pysg,True,8.08,codestral_psg_P
none,codestral_3adb_psg,3889,109.88,True,10052,failure,13941,5a01a8ce,sg,codestral,5a01_pysg,True,8.08,codestral_psg_P
none,codestral_3adb_psg,3311,95.16,True,10052,failure,13363,3edb81fc,sg,codestral,3edb_pysg,True,8.08,codestral_psg_P
none,codestral_3adb_psg,3278,94.45,True,10052,failure,13330,714e3343,sg,codestral,714e_pysg,True,8.08,codestral_psg_P
none,codestral_3adb_psg,3190,92.2,True,10052,failure,13242,c72a2c02,sg,codestral,c72a_pysg,True,8.08,codestral_psg_P
none,codestral_3adb_psg,3533,100.88,True,10052,failure,13585,ca047389,sg,codestral,ca04_pysg,True,8.08,codestral_psg_P
none,codestral_3adb_psg,3923,110.73,True,10052,failure,13975,2f131498,sg,codestral,2f13_pysg,True,8.08,codestral_psg_P
none,codestral_3adb_psg,3075,89.23,True,10052,failure,13127,44d0e241,sg,codestral,44d0_pysg,True,8.08,codestral_psg_P
none,codestral_62f3_psg,2950,126.36,True,10052,failure,13002,608099c6,sg,codestral,6080_pysg,True,8.09,codestral_psg_P
none,codestral_62f3_psg,3539,69.46,True,10052,failure,13591,daaaae66,sg,codestral,daaa_pysg,True,8.09,codestral_psg_P
none,codestral_62f3_psg,3839,74.76,True,10052,failure,13891,36bd2b1f,sg,codestral,36bd_pysg,True,8.09,codestral_psg_P
none,codestral_62f3_psg,4197,81.1,True,10052,failure,14249,cf1016a1,sg,codestral,cf10_pysg,True,8.09,codestral_psg_P
none,codestral_62f3_psg,3090,61.45,True,10052,failure,13142,09809c7c,sg,codestral,0980_pysg,True,8.09,codestral_psg_P
none,codestral_62f3_psg,1975,39.02,True,5956,success,7931,55ccfa54,sg,codestral,55cc_pysg,True,8.09,codestral_psg_P
none,codestral_62f3_psg,2688,54.33,True,10052,failure,12740,176cdc3c,sg,codestral,176c_pysg,True,8.09,codestral_psg_P
none,codestral_62f3_psg,3507,68.87,True,10052,failure,13559,6ce83831,sg,codestral,6ce8_pysg,True,8.09,codestral_psg_P
none,codestral_62f3_psg,3459,68.02,True,10052,failure,13511,600c5d47,sg,codestral,600c_pysg,True,8.09,codestral_psg_P
none,codestral_62f3_psg,3850,74.96,True,10052,failure,13902,df0accf9,sg,codestral,df0a_pysg,True,8.09,codestral_psg_P
none,codestral_62f3_psg,3314,65.75,True,10052,failure,13366,50faa206,sg,codestral,50fa_pysg,True,8.09,codestral_psg_P
none,codestral_62f3_psg,3280,64.93,True,10052,failure,13332,f1604a1f,sg,codestral,f160_pysg,True,8.09,codestral_psg_P
none,codestral_62f3_psg,3459,68.02,True,10052,failure,13511,50a2243b,sg,codestral,50a2_pysg,True,8.09,codestral_psg_P
none,codestral_62f3_psg,3976,77.19,True,10052,failure,14028,4c117854,sg,codestral,4c11_pysg,True,8.09,codestral_psg_P
none,codestral_62f3_psg,3890,75.67,True,10052,failure,13942,5887484f,sg,codestral,5887_pysg,True,8.09,codestral_psg_P
none,codestral_62f3_psg,4201,81.17,True,10052,failure,14253,c6c9a572,sg,codestral,c6c9_pysg,True,8.09,codestral_psg_P
none,codestral_62f3_psg,3548,69.55,True,10052,failure,13600,debede1b,sg,codestral,debe_pysg,True,8.09,codestral_psg_P
none,codestral_62f3_psg,3322,65.55,True,10052,failure,13374,b16106a4,sg,codestral,b161_pysg,True,8.09,codestral_psg_P
none,codestral_62f3_psg,3377,66.55,True,10052,failure,13429,ebf0336c,sg,codestral,ebf0_pysg,True,8.09,codestral_psg_P
none,codestral_62f3_psg,3688,72.08,True,10052,failure,13740,bcceb55e,sg,codestral,bcce_pysg,True,8.09,codestral_psg_P
none,codestral_62f3_psg,3332,65.73,True,10052,failure,13384,8b9c5c96,sg,codestral,8b9c_pysg,True,8.09,codestral_psg_P
none,codestral_62f3_psg,3861,75.21,True,10052,failure,13913,9293c23e,sg,codestral,9293_pysg,True,8.09,codestral_psg_P
none,codestral_62f3_psg,3182,63.34,True,10052,failure,13234,bbf9362d,sg,codestral,bbf9_pysg,True,8.09,codestral_psg_P
none,codestral_62f3_psg,3235,64.17,True,10052,failure,13287,74b12c88,sg,codestral,74b1_pysg,True,8.09,codestral_psg_P
none,codestral_62f3_psg,3463,68.12,True,10052,failure,13515,81258251,sg,codestral,8125_pysg,True,8.09,codestral_psg_P
none,codestral_62f3_psg,3978,77.24,True,10052,failure,14030,f2670254,sg,codestral,f267_pysg,True,8.09,codestral_psg_P
none,codestral_62f3_psg,3412,67.16,True,10052,failure,13464,b51dc4c6,sg,codestral,b51d_pysg,True,8.09,codestral_psg_P
none,codestral_62f3_psg,3711,72.49,True,10052,failure,13763,8c352eb0,sg,codestral,8c35_pysg,True,8.09,codestral_psg_P
none,codestral_62f3_psg,3899,75.81,True,10052,failure,13951,4fe6f4ee,sg,codestral,4fe6_pysg,True,8.09,codestral_psg_P
none,codestral_62f3_psg,3289,65.0,True,10052,failure,13341,304884e3,sg,codestral,3048_pysg,True,8.09,codestral_psg_P
none,codestral_9eb0_psg,4302,83.67,False,10052,failure,14354,c3f0ca35,sg,codestral,c3f0_pysg,False,8.14,codestral_psg_NP
none,codestral_9eb0_psg,944,18.22,False,1860,success,2804,2e1b6dc7,sg,codestral,2e1b_pysg,False,8.14,codestral_psg_NP
none,codestral_9eb0_psg,2151,45.19,False,10052,failure,12203,04f13a31,sg,codestral,04f1_pysg,False,8.14,codestral_psg_NP
none,codestral_9eb0_psg,2646,51.4,False,5956,success,8602,ef2f63ba,sg,codestral,ef2f_pysg,False,8.14,codestral_psg_NP
none,codestral_9eb0_psg,3186,63.69,False,10052,failure,13238,50529bc5,sg,codestral,5052_pysg,False,8.14,codestral_psg_NP
none,codestral_9eb0_psg,2624,53.66,False,10052,failure,12676,459ca5b9,sg,codestral,459c_pysg,False,8.14,codestral_psg_NP
none,codestral_9eb0_psg,3709,73.07,False,10052,failure,13761,1c24afd9,sg,codestral,1c24_pysg,False,8.14,codestral_psg_NP
none,codestral_9eb0_psg,2592,53.08,False,10052,failure,12644,21e6eeda,sg,codestral,21e6_pysg,False,8.14,codestral_psg_NP
none,codestral_9eb0_psg,3844,75.53,False,10052,failure,13896,e56d5692,sg,codestral,e56d_pysg,False,8.14,codestral_psg_NP
none,codestral_9eb0_psg,4265,83.0,False,10052,failure,14317,e07955a4,sg,codestral,e079_pysg,False,8.14,codestral_psg_NP
none,codestral_9eb0_psg,3520,69.65,False,10052,failure,13572,9efc3663,sg,codestral,9efc_pysg,False,8.14,codestral_psg_NP
none,codestral_9eb0_psg,1876,37.56,False,5956,success,7832,ad50fd29,sg,codestral,ad50_pysg,False,8.14,codestral_psg_NP
none,codestral_9eb0_psg,3462,68.76,False,10052,failure,13514,7a6e6c4c,sg,codestral,7a6e_pysg,False,8.14,codestral_psg_NP
none,codestral_9eb0_psg,2980,58.63,False,8004,success,10984,cb93fee2,sg,codestral,cb93_pysg,False,8.14,codestral_psg_NP
none,codestral_9eb0_psg,3486,69.06,False,10052,failure,13538,eec4f5fa,sg,codestral,eec4_pysg,False,8.14,codestral_psg_NP
none,codestral_9eb0_psg,2719,55.38,False,10052,failure,12771,33ea5ba9,sg,codestral,33ea_pysg,False,8.14,codestral_psg_NP
none,codestral_9eb0_psg,2680,54.64,False,10052,failure,12732,75f9cd3b,sg,codestral,75f9_pysg,False,8.14,codestral_psg_NP
none,codestral_9eb0_psg,3900,76.5,False,10052,failure,13952,598d0f9e,sg,codestral,598d_pysg,False,8.14,codestral_psg_NP
none,codestral_9eb0_psg,4001,78.29,False,10052,failure,14053,bc3371fc,sg,codestral,bc33_pysg,False,8.14,codestral_psg_NP
none,codestral_9eb0_psg,2591,53.01,False,10052,failure,12643,6c45a44d,sg,codestral,6c45_pysg,False,8.14,codestral_psg_NP
none,codestral_9eb0_psg,3936,75.8,False,8004,success,11940,8d09642f,sg,codestral,8d09_pysg,False,8.14,codestral_psg_NP
none,codestral_9eb0_psg,4124,80.59,False,10052,failure,14176,5b1048a5,sg,codestral,5b10_pysg,False,8.14,codestral_psg_NP
none,codestral_9eb0_psg,3464,68.65,False,10052,failure,13516,6fc427e4,sg,codestral,6fc4_pysg,False,8.14,codestral_psg_NP
none,codestral_9eb0_psg,3082,61.78,False,10052,failure,13134,df00fd9e,sg,codestral,df00_pysg,False,8.14,codestral_psg_NP
none,codestral_9eb0_psg,3992,78.12,False,10052,failure,14044,e382acfd,sg,codestral,e382_pysg,False,8.14,codestral_psg_NP
none,codestral_9eb0_psg,3415,67.82,False,10052,failure,13467,6bb447bb,sg,codestral,6bb4_pysg,False,8.14,codestral_psg_NP
none,codestral_9eb0_psg,4138,80.71,False,10052,failure,14190,00cba1df,sg,codestral,00cb_pysg,False,8.14,codestral_psg_NP
none,codestral_9eb0_psg,3321,66.12,False,10052,failure,13373,304c0ebe,sg,codestral,304c_pysg,False,8.14,codestral_psg_NP
none,codestral_9eb0_psg,3510,69.67,False,10052,failure,13562,63b89a71,sg,codestral,63b8_pysg,False,8.14,codestral_psg_NP
none,codestral_9eb0_psg,3625,71.52,False,10052,failure,13677,4076f460,sg,codestral,4076_pysg,False,8.14,codestral_psg_NP
none,codestral_9eb0_tpusg,5146,176.51,False,10240,failure,15386,8caa211a,sg,codestral,8caa_tpusg,False,8.14,codestral_tpusg_NP
none,codestral_9eb0_tpusg,3897,76.6,False,10240,failure,14137,6916c8e7,sg,codestral,6916_tpusg,False,8.14,codestral_tpusg_NP
none,codestral_9eb0_tpusg,4120,79.28,False,8192,success,12312,cd35e47a,sg,codestral,cd35_tpusg,False,8.14,codestral_tpusg_NP
none,codestral_9eb0_tpusg,3760,74.2,False,10240,failure,14000,3b1d8b42,sg,codestral,3b1d_tpusg,False,8.14,codestral_tpusg_NP
none,codestral_9eb0_tpusg,3047,61.3,False,10240,failure,13287,af798558,sg,codestral,af79_tpusg,False,8.14,codestral_tpusg_NP
none,codestral_9eb0_tpusg,2450,50.62,False,10240,failure,12690,c827ef44,sg,codestral,c827_tpusg,False,8.14,codestral_tpusg_NP
none,codestral_9eb0_tpusg,4801,92.77,False,10240,failure,15041,cab505b0,sg,codestral,cab5_tpusg,False,8.14,codestral_tpusg_NP
none,codestral_9eb0_tpusg,2724,55.55,False,10240,failure,12964,af94b221,sg,codestral,af94_tpusg,False,8.14,codestral_tpusg_NP
none,codestral_9eb0_tpusg,5432,104.21,False,10240,failure,15672,4ab2ef40,sg,codestral,4ab2_tpusg,False,8.14,codestral_tpusg_NP
none,codestral_9eb0_tpusg,1750,34.11,False,4096,success,5846,c3e0c3c5,sg,codestral,c3e0_tpusg,False,8.14,codestral_tpusg_NP
none,codestral_9eb0_tpusg,5518,105.65,False,10240,failure,15758,f20dcc9d,sg,codestral,f20d_tpusg,False,8.14,codestral_tpusg_NP
none,codestral_9eb0_tpusg,6342,123.79,False,10240,failure,16582,b2d0150b,sg,codestral,b2d0_tpusg,False,8.14,codestral_tpusg_NP
none,codestral_9eb0_tpusg,4803,91.47,False,8192,failure,12995,4f4fad09,sg,codestral,4f4f_tpusg,False,8.14,codestral_tpusg_NP
none,codestral_9eb0_tpusg,1954,37.75,False,4096,success,6050,37f5961c,sg,codestral,37f5_tpusg,False,8.14,codestral_tpusg_NP
none,codestral_9eb0_tpusg,872,17.02,False,2048,success,2920,f5103c81,sg,codestral,f510_tpusg,False,8.14,codestral_tpusg_NP
none,codestral_9eb0_tpusg,2140,41.12,False,4096,success,6236,fd4116c6,sg,codestral,fd41_tpusg,False,8.14,codestral_tpusg_NP
none,codestral_9eb0_tpusg,3349,64.21,False,6144,success,9493,86192a50,sg,codestral,8619_tpusg,False,8.14,codestral_tpusg_NP
none,codestral_9eb0_tpusg,3354,66.92,False,10240,success,13594,507cb38e,sg,codestral,507c_tpusg,False,8.14,codestral_tpusg_NP
none,codestral_9eb0_tpusg,4632,89.84,False,10240,failure,14872,62c59829,sg,codestral,62c5_tpusg,False,8.14,codestral_tpusg_NP
none,codestral_9eb0_tpusg,4239,82.76,False,10240,failure,14479,4b0f310b,sg,codestral,4b0f_tpusg,False,8.14,codestral_tpusg_NP
none,codestral_9eb0_tpusg,5280,101.35,False,10240,failure,15520,5dc4f5c5,sg,codestral,5dc4_tpusg,False,8.14,codestral_tpusg_NP
none,codestral_9eb0_tpusg,3016,58.12,False,6144,success,9160,8c9902f1,sg,codestral,8c99_tpusg,False,8.14,codestral_tpusg_NP
none,codestral_9eb0_tpusg,3529,69.96,False,10240,success,13769,0fcb79ae,sg,codestral,0fcb_tpusg,False,8.14,codestral_tpusg_NP
none,codestral_9eb0_tpusg,2353,48.98,False,10240,failure,12593,66f3efbf,sg,codestral,66f3_tpusg,False,8.14,codestral_tpusg_NP
none,codestral_9eb0_tpusg,2669,54.54,False,10240,failure,12909,a7374a06,sg,codestral,a737_tpusg,False,8.14,codestral_tpusg_NP
none,codestral_9eb0_tpusg,2165,41.58,False,4096,success,6261,e710c410,sg,codestral,e710_tpusg,False,8.14,codestral_tpusg_NP
none,codestral_9eb0_tpusg,4307,83.95,False,10240,failure,14547,f38221c0,sg,codestral,f382_tpusg,False,8.14,codestral_tpusg_NP
none,codestral_9eb0_tpusg,2997,60.67,False,10240,failure,13237,43dbbeff,sg,codestral,43db_tpusg,False,8.14,codestral_tpusg_NP
none,codestral_9eb0_tpusg,3462,68.7,False,10240,failure,13702,d82a606f,sg,codestral,d82a_tpusg,False,8.14,codestral_tpusg_NP
none,codestral_9eb0_tpusg,5145,98.98,False,10240,failure,15385,598c6ad2,sg,codestral,598c_tpusg,False,8.14,codestral_tpusg_NP
none,codestral_a277_psg,1767,66.48,False,3908,success,5675,c39e6087,sg,codestral,c39e_pysg,False,8.26,codestral_psg_NP
none,codestral_a277_psg,746,14.67,False,1860,success,2606,633531fd,sg,codestral,6335_pysg,False,8.26,codestral_psg_NP
none,codestral_a277_psg,1820,35.22,False,3908,success,5728,cdf50d1f,sg,codestral,cdf5_pysg,False,8.26,codestral_psg_NP
none,codestral_a277_psg,2037,40.4,False,3908,success,5945,5bfc7c37,sg,codestral,5bfc_pysg,False,8.26,codestral_psg_NP
none,codestral_a277_psg,1878,36.26,False,3908,success,5786,dc81721a,sg,codestral,dc81_pysg,False,8.26,codestral_psg_NP
none,codestral_a277_psg,1884,36.36,False,3908,success,5792,7e0572ba,sg,codestral,7e05_pysg,False,8.26,codestral_psg_NP
none,codestral_a277_psg,2157,41.24,False,3908,success,6065,02ccc145,sg,codestral,02cc_pysg,False,8.26,codestral_psg_NP
none,codestral_a277_psg,2100,40.32,False,3908,success,6008,a8f76dc3,sg,codestral,a8f7_pysg,False,8.26,codestral_psg_NP
none,codestral_a277_psg,3664,72.17,False,10052,failure,13716,757e726a,sg,codestral,757e_pysg,False,8.26,codestral_psg_NP
none,codestral_a277_psg,2954,59.44,False,10052,failure,13006,e0492242,sg,codestral,e049_pysg,False,8.26,codestral_psg_NP
none,codestral_a277_psg,2668,51.7,False,5956,success,8624,6e89736c,sg,codestral,6e89_pysg,False,8.26,codestral_psg_NP
none,codestral_a277_psg,3483,68.92,False,10052,failure,13535,e14fc1a1,sg,codestral,e14f_pysg,False,8.26,codestral_psg_NP
none,codestral_a277_psg,1686,32.8,False,3908,success,5594,dc6372e8,sg,codestral,dc63_pysg,False,8.26,codestral_psg_NP
none,codestral_a277_psg,1652,32.19,False,3908,success,5560,af27021c,sg,codestral,af27_pysg,False,8.26,codestral_psg_NP
none,codestral_a277_psg,2928,58.98,False,10052,failure,12980,049e558d,sg,codestral,049e_pysg,False,8.26,codestral_psg_NP
none,codestral_a277_psg,991,19.04,False,1860,success,2851,8d7ff800,sg,codestral,8d7f_pysg,False,8.26,codestral_psg_NP
none,codestral_a277_psg,1953,37.86,False,3908,success,5861,e2a034f6,sg,codestral,e2a0_pysg,False,8.26,codestral_psg_NP
none,codestral_a277_psg,1865,36.03,False,3908,success,5773,c873d79f,sg,codestral,c873_pysg,False,8.26,codestral_psg_NP
none,codestral_a277_psg,1125,21.45,False,1860,success,2985,c38be04e,sg,codestral,c38b_pysg,False,8.26,codestral_psg_NP
none,codestral_a277_psg,3036,58.35,False,5956,success,8992,265cdce9,sg,codestral,265c_pysg,False,8.26,codestral_psg_NP
none,codestral_a277_psg,2802,54.16,False,5956,success,8758,0ea3a604,sg,codestral,0ea3_pysg,False,8.26,codestral_psg_NP
none,codestral_bcbe_psg,2768,111.69,False,10052,failure,12820,d042c45f,sg,codestral,d042_pysg,False,8.26,codestral_psg_NP
none,codestral_bcbe_psg,2046,38.94,False,3908,success,5954,e6cad814,sg,codestral,e6ca_pysg,False,8.26,codestral_psg_NP
none,codestral_bcbe_psg,5057,96.35,False,10052,failure,15109,52eb6066,sg,codestral,52eb_pysg,False,8.26,codestral_psg_NP
none,codestral_bcbe_psg,3280,64.81,False,10052,failure,13332,fa20c729,sg,codestral,fa20_pysg,False,8.26,codestral_psg_NP
none,codestral_bcbe_psg,1841,35.29,False,3908,success,5749,b77a8dd8,sg,codestral,b77a_pysg,False,8.26,codestral_psg_NP
none,codestral_bcbe_psg,1748,33.66,False,3908,success,5656,1fed530f,sg,codestral,1fed_pysg,False,8.26,codestral_psg_NP
none,codestral_bcbe_psg,2481,49.41,False,8004,success,10485,79229dc9,sg,codestral,7922_pysg,False,8.26,codestral_psg_NP
none,codestral_bcbe_psg,4491,86.53,False,10052,failure,14543,757aeaf9,sg,codestral,757a_pysg,False,8.26,codestral_psg_NP
none,codestral_bcbe_psg,1775,34.15,False,3908,success,5683,bebec98d,sg,codestral,bebe_pysg,False,8.26,codestral_psg_NP
none,codestral_bcbe_psg,2028,39.95,False,5956,success,7984,29bdc9ae,sg,codestral,29bd_pysg,False,8.26,codestral_psg_NP
none,codestral_bcbe_psg,2658,53.78,False,10052,failure,12710,dd1bffa1,sg,codestral,dd1b_pysg,False,8.26,codestral_psg_NP
none,codestral_bcbe_psg,4879,93.2,False,10052,success,14931,4a5e3efc,sg,codestral,4a5e_pysg,False,8.26,codestral_psg_NP
none,codestral_bcbe_psg,1949,37.57,False,3908,success,5857,87acef0e,sg,codestral,87ac_pysg,False,8.26,codestral_psg_NP
none,codestral_bcbe_psg,3053,58.17,False,5956,success,9009,555f5177,sg,codestral,555f_pysg,False,8.26,codestral_psg_NP
none,codestral_bcbe_psg,3190,63.23,False,10052,failure,13242,a088a882,sg,codestral,a088_pysg,False,8.26,codestral_psg_NP
none,codestral_bcbe_psg,2766,53.0,False,5956,success,8722,7c92aa50,sg,codestral,7c92_pysg,False,8.26,codestral_psg_NP
none,codestral_bcbe_psg,1751,33.68,False,3908,success,5659,0d303437,sg,codestral,0d30_pysg,False,8.26,codestral_psg_NP
none,codestral_bcbe_psg,2121,40.26,False,3908,success,6029,55070a94,sg,codestral,5507_pysg,False,8.26,codestral_psg_NP
none,codestral_bcbe_psg,3569,69.97,False,10052,failure,13621,d79feb23,sg,codestral,d79f_pysg,False,8.26,codestral_psg_NP
none,codestral_bcbe_psg,2205,41.76,False,3908,success,6113,7886d603,sg,codestral,7886_pysg,False,8.26,codestral_psg_NP
none,codestral_bcbe_psg,1076,20.41,False,1860,success,2936,b8173bd7,sg,codestral,b817_pysg,False,8.26,codestral_psg_NP
none,codestral_c8f6_tpusg,3794,108.0,False,10240,failure,14034,52ca7e6c,sg,codestral,52ca_tpusg,False,7.27,codestral_tpusg_NP
none,codestral_c8f6_tpusg,5243,147.42,False,10240,failure,15483,7727f0c0,sg,codestral,7727_tpusg,False,7.27,codestral_tpusg_NP
none,codestral_c8f6_tpusg,4829,135.22,False,8192,success,13021,3f29855c,sg,codestral,3f29_tpusg,False,7.27,codestral_tpusg_NP
none,codestral_c8f6_tpusg,2107,66.13,False,10240,failure,12347,87658264,sg,codestral,8765_tpusg,False,7.27,codestral_tpusg_NP
none,codestral_c8f6_tpusg,2101,61.25,False,6144,success,8245,d7f970f5,sg,codestral,d7f9_tpusg,False,7.27,codestral_tpusg_NP
none,codestral_c8f6_tpusg,3955,113.75,False,10240,failure,14195,3a700efb,sg,codestral,3a70_tpusg,False,7.27,codestral_tpusg_NP
none,codestral_c8f6_tpusg,879,25.13,False,2048,success,2927,6820a937,sg,codestral,6820_tpusg,False,7.27,codestral_tpusg_NP
none,codestral_c8f6_tpusg,4427,123.47,False,8192,success,12619,6536d7f7,sg,codestral,6536_tpusg,False,7.27,codestral_tpusg_NP
none,codestral_c8f6_tpusg,2125,65.52,False,8192,success,10317,c524f104,sg,codestral,c524_tpusg,False,7.27,codestral_tpusg_NP
none,codestral_c8f6_tpusg,4778,135.27,False,10240,success,15018,ce243473,sg,codestral,ce24_tpusg,False,7.27,codestral_tpusg_NP
none,codestral_c8f6_tpusg,4408,123.79,False,8192,success,12600,09cb2e13,sg,codestral,09cb_tpusg,False,7.27,codestral_tpusg_NP
none,codestral_c8f6_tpusg,5325,149.09,False,10240,failure,15565,f09a5309,sg,codestral,f09a_tpusg,False,7.27,codestral_tpusg_NP
none,codestral_c8f6_tpusg,3901,112.63,False,10240,failure,14141,224a7f41,sg,codestral,224a_tpusg,False,7.27,codestral_tpusg_NP
none,codestral_c8f6_tpusg,3550,103.66,False,10240,failure,13790,b1122113,sg,codestral,b112_tpusg,False,7.27,codestral_tpusg_NP
none,codestral_c8f6_tpusg,4421,123.86,False,8192,success,12613,c202cbd1,sg,codestral,c202_tpusg,False,7.27,codestral_tpusg_NP
none,codestral_c8f6_tpusg,3811,109.97,False,10240,failure,14051,1624f58b,sg,codestral,1624_tpusg,False,7.27,codestral_tpusg_NP
none,codestral_c8f6_tpusg,3034,90.53,False,10240,failure,13274,fad7d0d0,sg,codestral,fad7_tpusg,False,7.27,codestral_tpusg_NP
none,codestral_c8f6_tpusg,4241,121.39,False,10240,failure,14481,75247e17,sg,codestral,7524_tpusg,False,7.27,codestral_tpusg_NP
none,codestral_c8f6_tpusg,4810,137.25,False,10240,failure,15050,c57dce34,sg,codestral,c57d_tpusg,False,7.27,codestral_tpusg_NP
none,codestral_c8f6_tpusg,4454,127.14,False,10240,failure,14694,c19bde97,sg,codestral,c19b_tpusg,False,7.27,codestral_tpusg_NP
none,codestral_c8f6_tpusg,2016,59.14,False,6144,success,8160,5778f53f,sg,codestral,5778_tpusg,False,7.27,codestral_tpusg_NP
none,codestral_c8f6_tpusg,3764,108.95,False,10240,failure,14004,978a4360,sg,codestral,978a_tpusg,False,7.27,codestral_tpusg_NP
none,codestral_c8f6_tpusg,3629,105.37,False,10240,failure,13869,1c76e46c,sg,codestral,1c76_tpusg,False,7.27,codestral_tpusg_NP
none,codestral_c8f6_tpusg,2160,67.49,False,10240,failure,12400,2d6d4c3a,sg,codestral,2d6d_tpusg,False,7.27,codestral_tpusg_NP
none,codestral_c8f6_tpusg,2864,85.54,False,10240,failure,13104,03644731,sg,codestral,0364_tpusg,False,7.27,codestral_tpusg_NP
none,codestral_c8f6_tpusg,5049,142.12,False,10240,failure,15289,25891eee,sg,codestral,2589_tpusg,False,7.27,codestral_tpusg_NP
none,codestral_c8f6_tpusg,4837,136.58,False,10240,failure,15077,5fcd8e34,sg,codestral,5fcd_tpusg,False,7.27,codestral_tpusg_NP
none,codestral_c8f6_tpusg,2583,79.23,False,10240,failure,12823,fe384704,sg,codestral,fe38_tpusg,False,7.27,codestral_tpusg_NP
none,codestral_c8f6_tpusg,3049,85.68,False,6144,success,9193,64baf4ca,sg,codestral,64ba_tpusg,False,7.27,codestral_tpusg_NP
none,codestral_c8f6_tpusg,4731,133.74,False,10240,failure,14971,56b034fe,sg,codestral,56b0_tpusg,False,7.27,codestral_tpusg_NP
none,codestral_e6d3_psg,3281,64.85,True,10052,failure,13333,eb4e4bf0,sg,codestral,eb4e_pysg,True,8.15,codestral_psg_P
none,codestral_e6d3_psg,3473,68.24,True,10052,failure,13525,519e5188,sg,codestral,519e_pysg,True,8.15,codestral_psg_P
none,codestral_e6d3_psg,3728,72.73,True,10052,failure,13780,c4b19797,sg,codestral,c4b1_pysg,True,8.15,codestral_psg_P
none,codestral_e6d3_psg,3785,73.71,True,10052,failure,13837,115ed904,sg,codestral,115e_pysg,True,8.15,codestral_psg_P
none,codestral_e6d3_psg,3749,73.08,True,10052,failure,13801,203f2b06,sg,codestral,203f_pysg,True,8.15,codestral_psg_P
none,codestral_e6d3_psg,3673,71.72,True,10052,failure,13725,92ff50c7,sg,codestral,92ff_pysg,True,8.15,codestral_psg_P
none,codestral_e6d3_psg,2379,46.14,True,5956,success,8335,17279833,sg,codestral,1727_pysg,True,8.15,codestral_psg_P
none,codestral_e6d3_psg,2390,47.68,True,8004,success,10394,5927d636,sg,codestral,5927_pysg,True,8.15,codestral_psg_P
none,codestral_e6d3_psg,2711,54.68,True,10052,failure,12763,240ab1ad,sg,codestral,240a_pysg,True,8.15,codestral_psg_P
none,codestral_e6d3_psg,3637,71.08,True,10052,failure,13689,370d2bfe,sg,codestral,370d_pysg,True,8.15,codestral_psg_P
none,codestral_e6d3_psg,3463,67.99,True,10052,failure,13515,ebb754c4,sg,codestral,ebb7_pysg,True,8.15,codestral_psg_P
none,codestral_e6d3_psg,3743,72.98,True,10052,failure,13795,3d8397ea,sg,codestral,3d83_pysg,True,8.15,codestral_psg_P
none,codestral_e6d3_psg,2889,56.52,True,8004,success,10893,11ae19b2,sg,codestral,11ae_pysg,True,8.15,codestral_psg_P
none,codestral_e6d3_psg,3835,74.68,True,10052,failure,13887,65da013d,sg,codestral,65da_pysg,True,8.15,codestral_psg_P
none,codestral_e6d3_psg,3511,68.84,True,10052,failure,13563,4979da7f,sg,codestral,4979_pysg,True,8.15,codestral_psg_P
none,codestral_e6d3_psg,3020,60.16,True,10052,failure,13072,69324ec6,sg,codestral,6932_pysg,True,8.15,codestral_psg_P
none,codestral_e6d3_psg,3857,75.02,True,10052,failure,13909,df5fce15,sg,codestral,df5f_pysg,True,8.15,codestral_psg_P
none,codestral_e6d3_psg,3142,62.31,True,10052,failure,13194,464235cb,sg,codestral,4642_pysg,True,8.15,codestral_psg_P
none,codestral_e6d3_psg,2430,49.69,True,10052,failure,12482,7e57cab8,sg,codestral,7e57_pysg,True,8.15,codestral_psg_P
none,codestral_e6d3_psg,4003,77.57,True,10052,failure,14055,11669ba2,sg,codestral,1166_pysg,True,8.15,codestral_psg_P
none,codestral_e6d3_psg,3116,60.52,True,8004,success,11120,164ddce7,sg,codestral,164d_pysg,True,8.15,codestral_psg_P
none,codestral_e6d3_psg,3438,67.56,True,10052,failure,13490,718a72dc,sg,codestral,718a_pysg,True,8.15,codestral_psg_P
none,codestral_e6d3_psg,4320,83.2,True,10052,failure,14372,1d57c28c,sg,codestral,1d57_pysg,True,8.15,codestral_psg_P
none,codestral_e6d3_psg,3117,61.89,True,10052,failure,13169,54db8ae6,sg,codestral,54db_pysg,True,8.15,codestral_psg_P
none,codestral_e6d3_psg,2356,45.73,True,5956,success,8312,f892d9f6,sg,codestral,f892_pysg,True,8.15,codestral_psg_P
none,codestral_e6d3_psg,3392,66.84,True,10052,failure,13444,fe64f183,sg,codestral,fe64_pysg,True,8.15,codestral_psg_P
none,codestral_e6d3_psg,3516,68.96,True,10052,failure,13568,53401aca,sg,codestral,5340_pysg,True,8.15,codestral_psg_P
none,codestral_e6d3_psg,3951,76.69,True,10052,failure,14003,ca1fe74e,sg,codestral,ca1f_pysg,True,8.15,codestral_psg_P
none,codestral_e6d3_psg,2983,58.2,True,8004,success,10987,c006051c,sg,codestral,c006_pysg,True,8.15,codestral_psg_P
none,codestral_e6d3_psg,3394,66.82,True,10052,failure,13446,3e7dfb5b,sg,codestral,3e7d_pysg,True,8.15,codestral_psg_P
none,codestral_e6d3_tpusg,3486,88.27,True,10240,failure,13726,f4700758,sg,codestral,f470_tpusg,True,8.15,codestral_tpusg_P
none,codestral_e6d3_tpusg,2167,45.2,True,10240,failure,12407,eaa9e0cf,sg,codestral,eaa9_tpusg,True,8.15,codestral_tpusg_P
none,codestral_e6d3_tpusg,4046,78.5,True,10240,failure,14286,f0d2e6e2,sg,codestral,f0d2_tpusg,True,8.15,codestral_tpusg_P
none,codestral_e6d3_tpusg,2168,45.16,True,10240,failure,12408,2fb220ad,sg,codestral,2fb2_tpusg,True,8.15,codestral_tpusg_P
none,codestral_e6d3_tpusg,3648,71.47,True,10240,failure,13888,2c16c0ce,sg,codestral,2c16_tpusg,True,8.15,codestral_tpusg_P
none,codestral_e6d3_tpusg,4266,82.43,True,10240,failure,14506,44cec04d,sg,codestral,44ce_tpusg,True,8.15,codestral_tpusg_P
none,codestral_e6d3_tpusg,4676,89.7,True,10240,failure,14916,9939e16f,sg,codestral,9939_tpusg,True,8.15,codestral_tpusg_P
none,codestral_e6d3_tpusg,4212,81.5,True,10240,failure,14452,4ef98a63,sg,codestral,4ef9_tpusg,True,8.15,codestral_tpusg_P
none,codestral_e6d3_tpusg,3646,71.88,True,10240,failure,13886,1dca5d6e,sg,codestral,1dca_tpusg,True,8.15,codestral_tpusg_P
none,codestral_e6d3_tpusg,4223,81.75,True,10240,failure,14463,a6f0f20c,sg,codestral,a6f0_tpusg,True,8.15,codestral_tpusg_P
none,codestral_e6d3_tpusg,3151,62.76,True,10240,success,13391,958622f5,sg,codestral,9586_tpusg,True,8.15,codestral_tpusg_P
none,codestral_e6d3_tpusg,3182,60.52,True,6144,success,9326,eff1795e,sg,codestral,eff1_tpusg,True,8.15,codestral_tpusg_P
none,codestral_e6d3_tpusg,1772,38.17,True,10240,failure,12012,48658181,sg,codestral,4865_tpusg,True,8.15,codestral_tpusg_P
none,codestral_e6d3_tpusg,4505,85.36,True,8192,success,12697,ea5fee76,sg,codestral,ea5f_tpusg,True,8.15,codestral_tpusg_P
none,codestral_e6d3_tpusg,3185,63.28,True,10240,failure,13425,7b24ee84,sg,codestral,7b24_tpusg,True,8.15,codestral_tpusg_P
none,codestral_e6d3_tpusg,3842,74.92,True,10240,failure,14082,dc7bfa4b,sg,codestral,dc7b_tpusg,True,8.15,codestral_tpusg_P
none,codestral_e6d3_tpusg,3257,64.62,True,10240,failure,13497,ac201e38,sg,codestral,ac20_tpusg,True,8.15,codestral_tpusg_P
none,codestral_e6d3_tpusg,3894,75.94,True,10240,failure,14134,1fdec86e,sg,codestral,1fde_tpusg,True,8.15,codestral_tpusg_P
none,codestral_e6d3_tpusg,3613,69.52,True,8192,success,11805,1c1ff4ce,sg,codestral,1c1f_tpusg,True,8.15,codestral_tpusg_P
none,codestral_e6d3_tpusg,4089,79.36,True,10240,failure,14329,a7d8c023,sg,codestral,a7d8_tpusg,True,8.15,codestral_tpusg_P
none,codestral_e6d3_tpusg,2731,52.51,True,6144,success,8875,d1b7c1a1,sg,codestral,d1b7_tpusg,True,8.15,codestral_tpusg_P
none,codestral_e6d3_tpusg,5574,105.66,True,10240,failure,15814,6cc9d4aa,sg,codestral,6cc9_tpusg,True,8.15,codestral_tpusg_P
none,codestral_e6d3_tpusg,3618,71.01,True,10240,failure,13858,7aa02ae1,sg,codestral,7aa0_tpusg,True,8.15,codestral_tpusg_P
none,codestral_e6d3_tpusg,2124,44.36,True,10240,failure,12364,6dc18df5,sg,codestral,6dc1_tpusg,True,8.15,codestral_tpusg_P
none,codestral_e6d3_tpusg,3584,70.5,True,10240,failure,13824,77f078d2,sg,codestral,77f0_tpusg,True,8.15,codestral_tpusg_P
none,codestral_e6d3_tpusg,3760,73.56,True,10240,failure,14000,b42f9c07,sg,codestral,b42f_tpusg,True,8.15,codestral_tpusg_P
none,codestral_e6d3_tpusg,2181,45.44,True,10240,failure,12421,19790f0a,sg,codestral,1979_tpusg,True,8.15,codestral_tpusg_P
none,codestral_e6d3_tpusg,3818,73.21,True,8192,success,12010,3a97fc61,sg,codestral,3a97_tpusg,True,8.15,codestral_tpusg_P
none,codestral_e6d3_tpusg,3286,62.41,True,6144,success,9430,e6c68b2b,sg,codestral,e6c6_tpusg,True,8.15,codestral_tpusg_P
none,codestral_e6d3_tpusg,2833,54.34,True,6144,success,8977,604fa2cb,sg,codestral,604f_tpusg,True,8.15,codestral_tpusg_P
none,codestral_fc8d_tpusg,4277,143.85,True,10240,failure,14517,3e17f5b0,sg,codestral,3e17_tpusg,True,8.23,codestral_tpusg_P
none,codestral_fc8d_tpusg,4734,128.84,True,10240,failure,14974,41712e67,sg,codestral,4171_tpusg,True,8.23,codestral_tpusg_P
none,codestral_fc8d_tpusg,3461,97.26,True,10240,failure,13701,35f02a2c,sg,codestral,35f0_tpusg,True,8.23,codestral_tpusg_P
none,codestral_fc8d_tpusg,4374,119.91,True,10240,failure,14614,030ccfb9,sg,codestral,030c_tpusg,True,8.23,codestral_tpusg_P
none,codestral_fc8d_tpusg,4771,129.75,True,10240,failure,15011,2a700122,sg,codestral,2a70_tpusg,True,8.23,codestral_tpusg_P
none,codestral_fc8d_tpusg,3050,87.33,True,10240,failure,13290,a625b929,sg,codestral,a625_tpusg,True,8.23,codestral_tpusg_P
none,codestral_fc8d_tpusg,2578,70.91,True,6144,success,8722,9b79de40,sg,codestral,9b79_tpusg,True,8.23,codestral_tpusg_P
none,codestral_fc8d_tpusg,3929,108.92,True,10240,failure,14169,5c7cb804,sg,codestral,5c7c_tpusg,True,8.23,codestral_tpusg_P
none,codestral_fc8d_tpusg,3858,107.12,True,10240,failure,14098,cb160356,sg,codestral,cb16_tpusg,True,8.23,codestral_tpusg_P
none,codestral_fc8d_tpusg,1618,51.47,True,10240,failure,11858,e2a158af,sg,codestral,e2a1_tpusg,True,8.23,codestral_tpusg_P
none,codestral_fc8d_tpusg,1807,56.13,True,10240,failure,12047,3570b346,sg,codestral,3570_tpusg,True,8.23,codestral_tpusg_P
none,codestral_fc8d_tpusg,2892,83.07,True,10240,failure,13132,62bd3952,sg,codestral,62bd_tpusg,True,8.23,codestral_tpusg_P
none,codestral_fc8d_tpusg,3321,93.73,True,10240,failure,13561,118f67bd,sg,codestral,118f_tpusg,True,8.23,codestral_tpusg_P
none,codestral_fc8d_tpusg,3432,96.49,True,10240,failure,13672,be1abeba,sg,codestral,be1a_tpusg,True,8.23,codestral_tpusg_P
none,codestral_fc8d_tpusg,4156,114.86,True,10240,failure,14396,ca4f882c,sg,codestral,ca4f_tpusg,True,8.23,codestral_tpusg_P
none,codestral_fc8d_tpusg,2084,63.01,True,10240,failure,12324,11595b38,sg,codestral,1159_tpusg,True,8.23,codestral_tpusg_P
none,codestral_fc8d_tpusg,4615,125.91,True,10240,failure,14855,09c51868,sg,codestral,09c5_tpusg,True,8.23,codestral_tpusg_P
none,codestral_fc8d_tpusg,2211,66.36,True,10240,failure,12451,0b566322,sg,codestral,0b56_tpusg,True,8.23,codestral_tpusg_P
none,codestral_fc8d_tpusg,2756,79.73,True,10240,failure,12996,04e5de12,sg,codestral,04e5_tpusg,True,8.23,codestral_tpusg_P
none,codestral_fc8d_tpusg,4626,126.16,True,10240,failure,14866,999a2c48,sg,codestral,999a_tpusg,True,8.23,codestral_tpusg_P
none,codestral_fc8d_tpusg,2017,61.67,True,10240,failure,12257,ae70645d,sg,codestral,ae70_tpusg,True,8.23,codestral_tpusg_P
none,codestral_fc8d_tpusg,1939,59.67,True,10240,failure,12179,a163574b,sg,codestral,a163_tpusg,True,8.23,codestral_tpusg_P
none,codestral_fc8d_tpusg,5328,143.98,True,10240,failure,15568,389a7fce,sg,codestral,389a_tpusg,True,8.23,codestral_tpusg_P
none,codestral_fc8d_tpusg,4549,122.04,True,8192,success,12741,8ff8fa4e,sg,codestral,8ff8_tpusg,True,8.23,codestral_tpusg_P
none,codestral_fc8d_tpusg,3966,109.87,True,10240,failure,14206,adcc1de2,sg,codestral,adcc_tpusg,True,8.23,codestral_tpusg_P
none,codestral_fc8d_tpusg,3733,103.97,True,10240,failure,13973,c44a0087,sg,codestral,c44a_tpusg,True,8.23,codestral_tpusg_P
none,codestral_fc8d_tpusg,1969,60.17,True,10240,failure,12209,e3b63227,sg,codestral,e3b6_tpusg,True,8.23,codestral_tpusg_P
none,codestral_fc8d_tpusg,3167,89.94,True,10240,failure,13407,5cd99309,sg,codestral,5cd9_tpusg,True,8.23,codestral_tpusg_P
none,codestral_fc8d_tpusg,3217,91.36,True,10240,failure,13457,9da2e982,sg,codestral,9da2_tpusg,True,8.23,codestral_tpusg_P
none,codestral_fc8d_tpusg,4515,123.58,True,10240,failure,14755,0905c994,sg,codestral,0905_tpusg,True,8.23,codestral_tpusg_P
none,gemma3:27b_04fd_psg,2470,69.57,False,5817,success,8287,8f7568e2,sg,gemma3,8f75_pysg,False,8.16,gemma3:27b_psg_NP
none,gemma3:27b_04fd_psg,5107,142.05,False,9913,failure,15020,9791ed81,sg,gemma3,9791_pysg,False,8.16,gemma3:27b_psg_NP
none,gemma3:27b_04fd_psg,4645,130.01,False,9913,failure,14558,11559cb9,sg,gemma3,1155_pysg,False,8.16,gemma3:27b_psg_NP
none,gemma3:27b_04fd_psg,703,19.91,False,1721,success,2424,e19c61ff,sg,gemma3,e19c_pysg,False,8.16,gemma3:27b_psg_NP
none,gemma3:27b_04fd_psg,4433,124.52,False,9913,failure,14346,7d4e6562,sg,gemma3,7d4e_pysg,False,8.16,gemma3:27b_psg_NP
none,gemma3:27b_04fd_psg,808,22.85,False,1721,success,2529,eddd20c8,sg,gemma3,eddd_pysg,False,8.16,gemma3:27b_psg_NP
none,gemma3:27b_04fd_psg,3746,137.86,False,7865,failure,11611,fc20fbc6,sg,gemma3,fc20_pysg,False,8.16,gemma3:27b_psg_NP
none,gemma3:27b_04fd_psg,4631,129.84,False,9913,failure,14544,445ead77,sg,gemma3,445e_pysg,False,8.16,gemma3:27b_psg_NP
none,gemma3:27b_04fd_psg,4548,127.61,False,9913,failure,14461,8c2ab8e3,sg,gemma3,8c2a_pysg,False,8.16,gemma3:27b_psg_NP
none,gemma3:27b_04fd_psg,4153,115.5,False,7865,success,12018,0c44923f,sg,gemma3,0c44_pysg,False,8.16,gemma3:27b_psg_NP
none,gemma3:27b_04fd_psg,4865,136.03,False,9913,failure,14778,dd6bdbee,sg,gemma3,dd6b_pysg,False,8.16,gemma3:27b_psg_NP
none,gemma3:27b_04fd_psg,908,25.39,False,1721,success,2629,d5a9aaa6,sg,gemma3,d5a9_pysg,False,8.16,gemma3:27b_psg_NP
none,gemma3:27b_04fd_psg,4865,135.97,False,9913,failure,14778,33398182,sg,gemma3,3339_pysg,False,8.16,gemma3:27b_psg_NP
none,gemma3:27b_04fd_psg,4487,126.16,False,9913,failure,14400,db174c23,sg,gemma3,db17_pysg,False,8.16,gemma3:27b_psg_NP
none,gemma3:27b_04fd_psg,4744,132.85,False,9913,failure,14657,46805ec7,sg,gemma3,4680_pysg,False,8.16,gemma3:27b_psg_NP
none,gemma3:27b_04fd_psg,4583,128.6,False,9913,failure,14496,713d774b,sg,gemma3,713d_pysg,False,8.16,gemma3:27b_psg_NP
none,gemma3:27b_04fd_psg,4408,123.96,False,9913,failure,14321,078c1dd7,sg,gemma3,078c_pysg,False,8.16,gemma3:27b_psg_NP
none,gemma3:27b_04fd_psg,4776,133.62,False,9913,failure,14689,364343d7,sg,gemma3,3643_pysg,False,8.16,gemma3:27b_psg_NP
none,gemma3:27b_04fd_psg,5295,147.06,False,9913,failure,15208,154f1013,sg,gemma3,154f_pysg,False,8.16,gemma3:27b_psg_NP
none,gemma3:27b_04fd_psg,761,21.45,False,1721,success,2482,555e41d1,sg,gemma3,555e_pysg,False,8.16,gemma3:27b_psg_NP
none,gemma3:27b_04fd_psg,4960,138.45,False,9913,failure,14873,68bc4934,sg,gemma3,68bc_pysg,False,8.16,gemma3:27b_psg_NP
none,gemma3:27b_04fd_psg,5369,148.95,False,9913,failure,15282,174421eb,sg,gemma3,1744_pysg,False,8.16,gemma3:27b_psg_NP
none,gemma3:27b_04fd_psg,1974,54.88,False,3769,success,5743,438c9ff5,sg,gemma3,438c_pysg,False,8.16,gemma3:27b_psg_NP
none,gemma3:27b_04fd_psg,4524,127.06,False,9913,failure,14437,4725ba81,sg,gemma3,4725_pysg,False,8.16,gemma3:27b_psg_NP
none,gemma3:27b_04fd_psg,5576,154.32,False,9913,failure,15489,0f5b6d72,sg,gemma3,0f5b_pysg,False,8.16,gemma3:27b_psg_NP
none,gemma3:27b_04fd_psg,5266,146.27,False,9913,failure,15179,24810bab,sg,gemma3,2481_pysg,False,8.16,gemma3:27b_psg_NP
none,gemma3:27b_04fd_psg,5472,151.86,False,9913,failure,15385,e234a46a,sg,gemma3,e234_pysg,False,8.16,gemma3:27b_psg_NP
none,gemma3:27b_04fd_psg,2974,82.96,False,5817,success,8791,48354d8d,sg,gemma3,4835_pysg,False,8.16,gemma3:27b_psg_NP
none,gemma3:27b_04fd_psg,4905,137.07,False,9913,failure,14818,c2cfd19b,sg,gemma3,c2cf_pysg,False,8.16,gemma3:27b_psg_NP
none,gemma3:27b_04fd_psg,4450,125.08,False,9913,failure,14363,88c5ff9e,sg,gemma3,88c5_pysg,False,8.16,gemma3:27b_psg_NP
none,gemma3:27b_04fd_tpusg,5322,183.62,False,10158,failure,15480,0cb09b9c,sg,gemma3,0cb0_tpusg,False,8.16,gemma3:27b_tpusg_NP
none,gemma3:27b_04fd_tpusg,5490,152.46,False,10158,failure,15648,493141d8,sg,gemma3,4931_tpusg,False,8.16,gemma3:27b_tpusg_NP
none,gemma3:27b_04fd_tpusg,5565,154.36,False,10158,failure,15723,94553bd3,sg,gemma3,9455_tpusg,False,8.16,gemma3:27b_tpusg_NP
none,gemma3:27b_04fd_tpusg,5264,146.38,False,10158,failure,15422,2b830517,sg,gemma3,2b83_tpusg,False,8.16,gemma3:27b_tpusg_NP
none,gemma3:27b_04fd_tpusg,5356,148.85,False,10158,failure,15514,d0b56e1d,sg,gemma3,d0b5_tpusg,False,8.16,gemma3:27b_tpusg_NP
none,gemma3:27b_04fd_tpusg,5221,145.48,False,10158,failure,15379,c956f84e,sg,gemma3,c956_tpusg,False,8.16,gemma3:27b_tpusg_NP
none,gemma3:27b_04fd_tpusg,5666,156.94,False,10158,failure,15824,e8454610,sg,gemma3,e845_tpusg,False,8.16,gemma3:27b_tpusg_NP
none,gemma3:27b_04fd_tpusg,5326,148.18,False,10158,failure,15484,fd403fc0,sg,gemma3,fd40_tpusg,False,8.16,gemma3:27b_tpusg_NP
none,gemma3:27b_04fd_tpusg,5635,155.97,False,10158,failure,15793,90680e9a,sg,gemma3,9068_tpusg,False,8.16,gemma3:27b_tpusg_NP
none,gemma3:27b_04fd_tpusg,4177,116.28,False,8110,failure,12287,38b6e653,sg,gemma3,38b6_tpusg,False,8.16,gemma3:27b_tpusg_NP
none,gemma3:27b_04fd_tpusg,5276,146.89,False,10158,failure,15434,62d8652c,sg,gemma3,62d8_tpusg,False,8.16,gemma3:27b_tpusg_NP
none,gemma3:27b_04fd_tpusg,4932,137.84,False,10158,failure,15090,5f1d4ea8,sg,gemma3,5f1d_tpusg,False,8.16,gemma3:27b_tpusg_NP
none,gemma3:27b_04fd_tpusg,5463,151.61,False,10158,failure,15621,7be24bc5,sg,gemma3,7be2_tpusg,False,8.16,gemma3:27b_tpusg_NP
none,gemma3:27b_04fd_tpusg,3140,87.37,False,6062,success,9202,a7b08e90,sg,gemma3,a7b0_tpusg,False,8.16,gemma3:27b_tpusg_NP
none,gemma3:27b_04fd_tpusg,5652,156.53,False,10158,success,15810,470d8057,sg,gemma3,470d_tpusg,False,8.16,gemma3:27b_tpusg_NP
none,gemma3:27b_04fd_tpusg,5559,154.04,False,10158,failure,15717,613e3500,sg,gemma3,613e_tpusg,False,8.16,gemma3:27b_tpusg_NP
none,gemma3:27b_04fd_tpusg,5156,143.7,False,10158,failure,15314,cd923ebe,sg,gemma3,cd92_tpusg,False,8.16,gemma3:27b_tpusg_NP
none,gemma3:27b_04fd_tpusg,5079,141.68,False,10158,failure,15237,9d4b96e2,sg,gemma3,9d4b_tpusg,False,8.16,gemma3:27b_tpusg_NP
none,gemma3:27b_04fd_tpusg,5561,154.12,False,10158,failure,15719,46aa2a73,sg,gemma3,46aa_tpusg,False,8.16,gemma3:27b_tpusg_NP
none,gemma3:27b_04fd_tpusg,5404,150.14,False,10158,failure,15562,80c14300,sg,gemma3,80c1_tpusg,False,8.16,gemma3:27b_tpusg_NP
none,gemma3:27b_04fd_tpusg,5903,162.9,False,10158,failure,16061,f836fb10,sg,gemma3,f836_tpusg,False,8.16,gemma3:27b_tpusg_NP
none,gemma3:27b_04fd_tpusg,5606,155.32,False,10158,failure,15764,86ddf27b,sg,gemma3,86dd_tpusg,False,8.16,gemma3:27b_tpusg_NP
none,gemma3:27b_04fd_tpusg,5029,140.36,False,10158,failure,15187,8735fe55,sg,gemma3,8735_tpusg,False,8.16,gemma3:27b_tpusg_NP
none,gemma3:27b_04fd_tpusg,5823,160.78,False,10158,failure,15981,4a65e9b4,sg,gemma3,4a65_tpusg,False,8.16,gemma3:27b_tpusg_NP
none,gemma3:27b_04fd_tpusg,6004,165.5,False,10158,failure,16162,ecf2b140,sg,gemma3,ecf2_tpusg,False,8.16,gemma3:27b_tpusg_NP
none,gemma3:27b_04fd_tpusg,5466,151.68,False,10158,failure,15624,5a0bac0f,sg,gemma3,5a0b_tpusg,False,8.16,gemma3:27b_tpusg_NP
none,gemma3:27b_04fd_tpusg,5488,152.22,False,10158,failure,15646,72460b7c,sg,gemma3,7246_tpusg,False,8.16,gemma3:27b_tpusg_NP
none,gemma3:27b_04fd_tpusg,5488,152.23,False,10158,failure,15646,285d4385,sg,gemma3,285d_tpusg,False,8.16,gemma3:27b_tpusg_NP
none,gemma3:27b_04fd_tpusg,5580,154.66,False,10158,failure,15738,c671d96f,sg,gemma3,c671_tpusg,False,8.16,gemma3:27b_tpusg_NP
none,gemma3:27b_04fd_tpusg,4817,134.82,False,10158,failure,14975,bf281dd8,sg,gemma3,bf28_tpusg,False,8.16,gemma3:27b_tpusg_NP
none,gemma3:27b_3888_psg,3465,98.97,True,9913,failure,13378,8eabe42b,sg,gemma3,8eab_pysg,True,8.13,gemma3:27b_psg_P
none,gemma3:27b_3888_psg,3599,102.43,True,9913,failure,13512,e38afa2a,sg,gemma3,e38a_pysg,True,8.13,gemma3:27b_psg_P
none,gemma3:27b_3888_psg,3632,103.39,True,9913,failure,13545,3f6211d5,sg,gemma3,3f62_pysg,True,8.13,gemma3:27b_psg_P
none,gemma3:27b_3888_psg,3594,102.34,True,9913,failure,13507,a9c11dd3,sg,gemma3,a9c1_pysg,True,8.13,gemma3:27b_psg_P
none,gemma3:27b_3888_psg,3529,100.72,True,9913,failure,13442,f22bb624,sg,gemma3,f22b_pysg,True,8.13,gemma3:27b_psg_P
none,gemma3:27b_3888_psg,3752,106.52,True,9913,failure,13665,631a5bb1,sg,gemma3,631a_pysg,True,8.13,gemma3:27b_psg_P
none,gemma3:27b_3888_psg,2778,79.28,True,7865,success,10643,9b8b1833,sg,gemma3,9b8b_pysg,True,8.13,gemma3:27b_psg_P
none,gemma3:27b_3888_psg,2634,75.63,True,7865,success,10499,9980b05a,sg,gemma3,9980_pysg,True,8.13,gemma3:27b_psg_P
none,gemma3:27b_3888_psg,3355,96.08,True,9913,success,13268,a65e088f,sg,gemma3,a65e_pysg,True,8.13,gemma3:27b_psg_P
none,gemma3:27b_3888_psg,3467,99.03,True,9913,failure,13380,12b9d812,sg,gemma3,12b9_pysg,True,8.13,gemma3:27b_psg_P
none,gemma3:27b_3888_psg,2942,83.57,True,7865,success,10807,ccf17d0e,sg,gemma3,ccf1_pysg,True,8.13,gemma3:27b_psg_P
none,gemma3:27b_3888_psg,3610,102.84,True,9913,failure,13523,77eee57e,sg,gemma3,77ee_pysg,True,8.13,gemma3:27b_psg_P
none,gemma3:27b_3888_psg,2952,83.88,True,7865,success,10817,15572afc,sg,gemma3,1557_pysg,True,8.13,gemma3:27b_psg_P
none,gemma3:27b_3888_psg,3327,95.29,True,9913,success,13240,275c50d4,sg,gemma3,275c_pysg,True,8.13,gemma3:27b_psg_P
none,gemma3:27b_3888_psg,3536,100.87,True,9913,success,13449,0dd22e36,sg,gemma3,0dd2_pysg,True,8.13,gemma3:27b_psg_P
none,gemma3:27b_3888_psg,3310,94.92,True,9913,success,13223,bb7fa659,sg,gemma3,bb7f_pysg,True,8.13,gemma3:27b_psg_P
none,gemma3:27b_3888_psg,3586,102.11,True,9913,success,13499,4266afe5,sg,gemma3,4266_pysg,True,8.13,gemma3:27b_psg_P
none,gemma3:27b_3888_psg,2727,77.95,True,7865,success,10592,0ceb5d46,sg,gemma3,0ceb_pysg,True,8.13,gemma3:27b_psg_P
none,gemma3:27b_3888_psg,3622,103.28,True,9913,failure,13535,032303f5,sg,gemma3,0323_pysg,True,8.13,gemma3:27b_psg_P
none,gemma3:27b_3888_psg,3720,105.67,True,9913,failure,13633,fb812b1c,sg,gemma3,fb81_pysg,True,8.13,gemma3:27b_psg_P
none,gemma3:27b_3888_psg,3383,96.77,True,9913,success,13296,e74dc846,sg,gemma3,e74d_pysg,True,8.13,gemma3:27b_psg_P
none,gemma3:27b_3888_psg,2707,77.43,True,7865,success,10572,c0a24fb3,sg,gemma3,c0a2_pysg,True,8.13,gemma3:27b_psg_P
none,gemma3:27b_3888_psg,3455,98.66,True,9913,success,13368,2b200d1a,sg,gemma3,2b20_pysg,True,8.13,gemma3:27b_psg_P
none,gemma3:27b_3888_psg,3400,97.44,True,9913,success,13313,c0a42954,sg,gemma3,c0a4_pysg,True,8.13,gemma3:27b_psg_P
none,gemma3:27b_3888_psg,3584,102.01,True,9913,success,13497,fd29cff2,sg,gemma3,fd29_pysg,True,8.13,gemma3:27b_psg_P
none,gemma3:27b_3888_psg,3576,101.96,True,9913,failure,13489,645b4c6a,sg,gemma3,645b_pysg,True,8.13,gemma3:27b_psg_P
none,gemma3:27b_3888_psg,3496,99.84,True,9913,success,13409,86b1243a,sg,gemma3,86b1_pysg,True,8.13,gemma3:27b_psg_P
none,gemma3:27b_3888_psg,3844,108.97,True,9913,failure,13757,7ad7d39a,sg,gemma3,7ad7_pysg,True,8.13,gemma3:27b_psg_P
none,gemma3:27b_3888_psg,3563,101.56,True,9913,failure,13476,d7fafcfa,sg,gemma3,d7fa_pysg,True,8.13,gemma3:27b_psg_P
none,gemma3:27b_3888_psg,3378,96.78,True,9913,success,13291,5f2c5dd6,sg,gemma3,5f2c_pysg,True,8.13,gemma3:27b_psg_P
none,gemma3:27b_3888_tpusg,5092,176.06,True,10158,failure,15250,b59f160c,sg,gemma3,b59f_tpusg,True,8.13,gemma3:27b_tpusg_P
none,gemma3:27b_3888_tpusg,5096,142.31,True,10158,failure,15254,d91d90b9,sg,gemma3,d91d_tpusg,True,8.13,gemma3:27b_tpusg_P
none,gemma3:27b_3888_tpusg,5002,139.99,True,10158,failure,15160,60b3fe9f,sg,gemma3,60b3_tpusg,True,8.13,gemma3:27b_tpusg_P
none,gemma3:27b_3888_tpusg,5165,144.05,True,10158,failure,15323,f2027da6,sg,gemma3,f202_tpusg,True,8.13,gemma3:27b_tpusg_P
none,gemma3:27b_3888_tpusg,5203,145.28,True,10158,failure,15361,6a6b1767,sg,gemma3,6a6b_tpusg,True,8.13,gemma3:27b_tpusg_P
none,gemma3:27b_3888_tpusg,5099,142.34,True,10158,failure,15257,217c4039,sg,gemma3,217c_tpusg,True,8.13,gemma3:27b_tpusg_P
none,gemma3:27b_3888_tpusg,5100,142.35,True,10158,failure,15258,e4a4cf2e,sg,gemma3,e4a4_tpusg,True,8.13,gemma3:27b_tpusg_P
none,gemma3:27b_3888_tpusg,5118,142.76,True,10158,failure,15276,6037f408,sg,gemma3,6037_tpusg,True,8.13,gemma3:27b_tpusg_P
none,gemma3:27b_3888_tpusg,5096,142.32,True,10158,failure,15254,eea879b0,sg,gemma3,eea8_tpusg,True,8.13,gemma3:27b_tpusg_P
none,gemma3:27b_3888_tpusg,5046,141.13,True,10158,failure,15204,32a440fa,sg,gemma3,32a4_tpusg,True,8.13,gemma3:27b_tpusg_P
none,gemma3:27b_3888_tpusg,5102,142.36,True,10158,failure,15260,84d979ad,sg,gemma3,84d9_tpusg,True,8.13,gemma3:27b_tpusg_P
none,gemma3:27b_3888_tpusg,5102,142.43,True,10158,failure,15260,29d45d32,sg,gemma3,29d4_tpusg,True,8.13,gemma3:27b_tpusg_P
none,gemma3:27b_3888_tpusg,5087,141.85,True,10158,failure,15245,97bf0407,sg,gemma3,97bf_tpusg,True,8.13,gemma3:27b_tpusg_P
none,gemma3:27b_3888_tpusg,5176,144.23,True,10158,failure,15334,d79021f1,sg,gemma3,d790_tpusg,True,8.13,gemma3:27b_tpusg_P
none,gemma3:27b_3888_tpusg,4998,139.66,True,10158,failure,15156,4b56bfe7,sg,gemma3,4b56_tpusg,True,8.13,gemma3:27b_tpusg_P
none,gemma3:27b_3888_tpusg,5080,141.68,True,10158,failure,15238,cc5355e4,sg,gemma3,cc53_tpusg,True,8.13,gemma3:27b_tpusg_P
none,gemma3:27b_3888_tpusg,5007,139.89,True,10158,failure,15165,e1a3a526,sg,gemma3,e1a3_tpusg,True,8.13,gemma3:27b_tpusg_P
none,gemma3:27b_3888_tpusg,5093,142.12,True,10158,failure,15251,e708870d,sg,gemma3,e708_tpusg,True,8.13,gemma3:27b_tpusg_P
none,gemma3:27b_3888_tpusg,5176,144.28,True,10158,failure,15334,f3274386,sg,gemma3,f327_tpusg,True,8.13,gemma3:27b_tpusg_P
none,gemma3:27b_3888_tpusg,5108,142.44,True,10158,failure,15266,3214bae8,sg,gemma3,3214_tpusg,True,8.13,gemma3:27b_tpusg_P
none,gemma3:27b_3888_tpusg,5059,141.15,True,10158,failure,15217,776bf27e,sg,gemma3,776b_tpusg,True,8.13,gemma3:27b_tpusg_P
none,gemma3:27b_3888_tpusg,5087,141.93,True,10158,failure,15245,3606e9b6,sg,gemma3,3606_tpusg,True,8.13,gemma3:27b_tpusg_P
none,gemma3:27b_3888_tpusg,5027,140.38,True,10158,failure,15185,5389a702,sg,gemma3,5389_tpusg,True,8.13,gemma3:27b_tpusg_P
none,gemma3:27b_3888_tpusg,5165,143.96,True,10158,failure,15323,b85b420c,sg,gemma3,b85b_tpusg,True,8.13,gemma3:27b_tpusg_P
none,gemma3:27b_3888_tpusg,5014,140.05,True,10158,failure,15172,cff6f658,sg,gemma3,cff6_tpusg,True,8.13,gemma3:27b_tpusg_P
none,gemma3:27b_3888_tpusg,5172,144.07,True,10158,failure,15330,3ac2fc95,sg,gemma3,3ac2_tpusg,True,8.13,gemma3:27b_tpusg_P
none,gemma3:27b_3888_tpusg,5063,141.22,True,10158,failure,15221,b8cb9d7d,sg,gemma3,b8cb_tpusg,True,8.13,gemma3:27b_tpusg_P
none,gemma3:27b_3888_tpusg,5132,143.07,True,10158,failure,15290,0ce248c5,sg,gemma3,0ce2_tpusg,True,8.13,gemma3:27b_tpusg_P
none,gemma3:27b_3888_tpusg,5281,146.82,True,10158,failure,15439,4258ed9e,sg,gemma3,4258_tpusg,True,8.13,gemma3:27b_tpusg_P
none,gemma3:27b_3888_tpusg,5146,143.41,True,10158,failure,15304,118aa0f6,sg,gemma3,118a_tpusg,True,8.13,gemma3:27b_tpusg_P
none,gemma3:27b_85a9_psg,753,29.43,False,1721,success,2474,7e09e5ca,sg,gemma3,7e09_pysg,False,7.3,gemma3:27b_psg_NP
none,gemma3:27b_85a9_psg,681,26.9,False,1721,success,2402,70967abe,sg,gemma3,7096_pysg,False,7.3,gemma3:27b_psg_NP
none,gemma3:27b_85a9_psg,3001,117.81,False,7865,success,10866,c7c7a19c,sg,gemma3,c7c7_pysg,False,7.3,gemma3:27b_psg_NP
none,gemma3:27b_85a9_psg,1470,58.1,False,3769,success,5239,3512ece5,sg,gemma3,3512_pysg,False,7.3,gemma3:27b_psg_NP
none,gemma3:27b_85a9_psg,1846,74.53,False,5817,success,7663,d593f7be,sg,gemma3,d593_pysg,False,7.3,gemma3:27b_psg_NP
none,gemma3:27b_85a9_psg,1211,48.99,False,3769,success,4980,680129e7,sg,gemma3,6801_pysg,False,7.3,gemma3:27b_psg_NP
none,gemma3:27b_85a9_psg,2688,107.26,False,7865,success,10553,06426652,sg,gemma3,0642_pysg,False,7.3,gemma3:27b_psg_NP
none,gemma3:27b_85a9_psg,1294,51.91,False,3769,success,5063,43f8973c,sg,gemma3,43f8_pysg,False,7.3,gemma3:27b_psg_NP
none,gemma3:27b_85a9_psg,3355,133.95,False,9913,failure,13268,be0964f2,sg,gemma3,be09_pysg,False,7.3,gemma3:27b_psg_NP
none,gemma3:27b_85a9_psg,1339,53.33,False,3769,success,5108,d64c73a8,sg,gemma3,d64c_pysg,False,7.3,gemma3:27b_psg_NP
none,gemma3:27b_85a9_psg,3910,154.08,False,9913,failure,13823,601f66ef,sg,gemma3,601f_pysg,False,7.3,gemma3:27b_psg_NP
none,gemma3:27b_85a9_psg,3488,138.99,False,9913,failure,13401,b2b6ed9f,sg,gemma3,b2b6_pysg,False,7.3,gemma3:27b_psg_NP
none,gemma3:27b_85a9_psg,3609,143.22,False,9913,failure,13522,d567c385,sg,gemma3,d567_pysg,False,7.3,gemma3:27b_psg_NP
none,gemma3:27b_85a9_psg,781,30.7,False,1721,success,2502,63178875,sg,gemma3,6317_pysg,False,7.3,gemma3:27b_psg_NP
none,gemma3:27b_85a9_psg,846,33.04,False,1721,success,2567,c62b818c,sg,gemma3,c62b_pysg,False,7.3,gemma3:27b_psg_NP
none,gemma3:27b_85a9_psg,2569,102.87,False,7865,success,10434,6b4d5e9d,sg,gemma3,6b4d_pysg,False,7.3,gemma3:27b_psg_NP
none,gemma3:27b_85a9_psg,752,29.74,False,1721,success,2473,65e6c10d,sg,gemma3,65e6_pysg,False,7.3,gemma3:27b_psg_NP
none,gemma3:27b_85a9_psg,3950,155.17,False,9913,failure,13863,7402d69f,sg,gemma3,7402_pysg,False,7.3,gemma3:27b_psg_NP
none,gemma3:27b_85a9_psg,1852,74.35,False,5817,success,7669,62e3c7b1,sg,gemma3,62e3_pysg,False,7.3,gemma3:27b_psg_NP
none,gemma3:27b_85a9_psg,2962,116.88,False,7865,success,10827,4faddf4b,sg,gemma3,4fad_pysg,False,7.3,gemma3:27b_psg_NP
none,gemma3:27b_85a9_psg,2304,90.73,False,5817,success,8121,51bce0b7,sg,gemma3,51bc_pysg,False,7.3,gemma3:27b_psg_NP
none,gemma3:27b_85a9_psg,2338,92.11,False,5817,success,8155,a5dfc0bb,sg,gemma3,a5df_pysg,False,7.3,gemma3:27b_psg_NP
none,gemma3:27b_85a9_psg,1589,62.03,False,3769,success,5358,02c6b383,sg,gemma3,02c6_pysg,False,7.3,gemma3:27b_psg_NP
none,gemma3:27b_85a9_psg,3256,129.44,False,9913,failure,13169,50e5a722,sg,gemma3,50e5_pysg,False,7.3,gemma3:27b_psg_NP
none,gemma3:27b_85a9_psg,1991,78.83,False,5817,success,7808,3ce1cbb5,sg,gemma3,3ce1_pysg,False,7.3,gemma3:27b_psg_NP
none,gemma3:27b_85a9_psg,2346,91.58,False,5817,success,8163,bb629a0c,sg,gemma3,bb62_pysg,False,7.3,gemma3:27b_psg_NP
none,gemma3:27b_85a9_psg,2209,87.51,False,5817,success,8026,45b2415d,sg,gemma3,45b2_pysg,False,7.3,gemma3:27b_psg_NP
none,gemma3:27b_85a9_psg,1482,58.78,False,3769,success,5251,625856e4,sg,gemma3,6258_pysg,False,7.3,gemma3:27b_psg_NP
none,gemma3:27b_85a9_psg,1232,49.42,False,3769,success,5001,047efb99,sg,gemma3,047e_pysg,False,7.3,gemma3:27b_psg_NP
none,gemma3:27b_85a9_psg,844,32.92,False,1721,success,2565,e400a4dc,sg,gemma3,e400_pysg,False,7.3,gemma3:27b_psg_NP
none,gemma3:27b_85a9_tpusg,5677,244.3,False,10158,failure,15835,c0e353b4,sg,gemma3,c0e3_tpusg,False,7.3,gemma3:27b_tpusg_NP
none,gemma3:27b_85a9_tpusg,5684,216.2,False,10158,failure,15842,8fa803ed,sg,gemma3,8fa8_tpusg,False,7.3,gemma3:27b_tpusg_NP
none,gemma3:27b_85a9_tpusg,5033,193.59,False,10158,failure,15191,94bc6333,sg,gemma3,94bc_tpusg,False,7.3,gemma3:27b_tpusg_NP
none,gemma3:27b_85a9_tpusg,5094,195.56,False,10158,failure,15252,9dccacd2,sg,gemma3,9dcc_tpusg,False,7.3,gemma3:27b_tpusg_NP
none,gemma3:27b_85a9_tpusg,5411,206.84,False,10158,failure,15569,db3c2b2d,sg,gemma3,db3c_tpusg,False,7.3,gemma3:27b_tpusg_NP
none,gemma3:27b_85a9_tpusg,5300,202.69,False,10158,failure,15458,506219b3,sg,gemma3,5062_tpusg,False,7.3,gemma3:27b_tpusg_NP
none,gemma3:27b_85a9_tpusg,4955,190.59,False,10158,failure,15113,eb4cf0fc,sg,gemma3,eb4c_tpusg,False,7.3,gemma3:27b_tpusg_NP
none,gemma3:27b_85a9_tpusg,5461,208.48,False,10158,failure,15619,69660530,sg,gemma3,6966_tpusg,False,7.3,gemma3:27b_tpusg_NP
none,gemma3:27b_85a9_tpusg,5030,192.86,False,10158,failure,15188,47d390bb,sg,gemma3,47d3_tpusg,False,7.3,gemma3:27b_tpusg_NP
none,gemma3:27b_85a9_tpusg,1104,42.33,False,1966,success,3070,2962b4b0,sg,gemma3,2962_tpusg,False,7.3,gemma3:27b_tpusg_NP
none,gemma3:27b_85a9_tpusg,5177,198.27,False,10158,failure,15335,1d55aeb9,sg,gemma3,1d55_tpusg,False,7.3,gemma3:27b_tpusg_NP
none,gemma3:27b_85a9_tpusg,5274,201.91,False,10158,failure,15432,e6f97a5c,sg,gemma3,e6f9_tpusg,False,7.3,gemma3:27b_tpusg_NP
none,gemma3:27b_85a9_tpusg,5060,194.14,False,10158,failure,15218,89140ba9,sg,gemma3,8914_tpusg,False,7.3,gemma3:27b_tpusg_NP
none,gemma3:27b_85a9_tpusg,5179,198.38,False,10158,failure,15337,c077f7a4,sg,gemma3,c077_tpusg,False,7.3,gemma3:27b_tpusg_NP
none,gemma3:27b_85a9_tpusg,5161,197.32,False,10158,failure,15319,1a38d526,sg,gemma3,1a38_tpusg,False,7.3,gemma3:27b_tpusg_NP
none,gemma3:27b_b603_tpusg,5117,210.98,True,10158,failure,15275,aea75d1a,sg,gemma3,aea7_tpusg,True,8.12,gemma3:27b_tpusg_P
none,gemma3:27b_b603_tpusg,5077,193.15,True,10158,failure,15235,94b009f1,sg,gemma3,94b0_tpusg,True,8.12,gemma3:27b_tpusg_P
none,gemma3:27b_b603_tpusg,5050,192.35,True,10158,failure,15208,2a6ca472,sg,gemma3,2a6c_tpusg,True,8.12,gemma3:27b_tpusg_P
none,gemma3:27b_b603_tpusg,5009,191.05,True,10158,failure,15167,f92f1c2d,sg,gemma3,f92f_tpusg,True,8.12,gemma3:27b_tpusg_P
none,gemma3:27b_b603_tpusg,5045,192.17,True,10158,failure,15203,b1850f14,sg,gemma3,b185_tpusg,True,8.12,gemma3:27b_tpusg_P
none,gemma3:27b_b603_tpusg,5063,193.4,True,10158,failure,15221,879c874d,sg,gemma3,879c_tpusg,True,8.12,gemma3:27b_tpusg_P
none,gemma3:27b_b603_tpusg,5042,193.22,True,10158,failure,15200,738798e7,sg,gemma3,7387_tpusg,True,8.12,gemma3:27b_tpusg_P
none,gemma3:27b_b603_tpusg,5042,193.12,True,10158,failure,15200,3b0b1b3f,sg,gemma3,3b0b_tpusg,True,8.12,gemma3:27b_tpusg_P
none,gemma3:27b_b603_tpusg,5089,193.49,True,10158,failure,15247,36f58050,sg,gemma3,36f5_tpusg,True,8.12,gemma3:27b_tpusg_P
none,gemma3:27b_b603_tpusg,5108,194.47,True,10158,failure,15266,225a4d17,sg,gemma3,225a_tpusg,True,8.12,gemma3:27b_tpusg_P
none,gemma3:27b_b603_tpusg,5062,192.57,True,10158,failure,15220,56cdf55b,sg,gemma3,56cd_tpusg,True,8.12,gemma3:27b_tpusg_P
none,gemma3:27b_b603_tpusg,5110,195.28,True,10158,failure,15268,f329b585,sg,gemma3,f329_tpusg,True,8.12,gemma3:27b_tpusg_P
none,gemma3:27b_b603_tpusg,4990,190.5,True,10158,failure,15148,a8387e12,sg,gemma3,a838_tpusg,True,8.12,gemma3:27b_tpusg_P
none,gemma3:27b_d558_psg,2875,109.54,True,7865,success,10740,698b4384,sg,gemma3,698b_pysg,True,8.12,gemma3:27b_psg_P
none,gemma3:27b_d558_psg,3555,103.04,True,9913,failure,13468,16ffea2f,sg,gemma3,16ff_pysg,True,8.12,gemma3:27b_psg_P
none,gemma3:27b_d558_psg,2874,82.9,True,7865,success,10739,37087067,sg,gemma3,3708_pysg,True,8.12,gemma3:27b_psg_P
none,gemma3:27b_d558_psg,3015,86.65,True,7865,success,10880,5cfedae5,sg,gemma3,5cfe_pysg,True,8.12,gemma3:27b_psg_P
none,gemma3:27b_d558_psg,3495,101.03,True,9913,success,13408,a58034f9,sg,gemma3,a580_pysg,True,8.12,gemma3:27b_psg_P
none,gemma3:27b_d558_psg,3594,103.62,True,9913,success,13507,9ade8ab6,sg,gemma3,9ade_pysg,True,8.12,gemma3:27b_psg_P
none,gemma3:27b_d558_psg,3623,104.43,True,9913,success,13536,2893b8f0,sg,gemma3,2893_pysg,True,8.12,gemma3:27b_psg_P
none,gemma3:27b_d558_psg,2871,82.74,True,7865,success,10736,2f51bbe5,sg,gemma3,2f51_pysg,True,8.12,gemma3:27b_psg_P
none,gemma3:27b_d558_psg,3554,102.77,True,9913,success,13467,38486a9d,sg,gemma3,3848_pysg,True,8.12,gemma3:27b_psg_P
none,gemma3:27b_d558_psg,2937,84.67,True,7865,success,10802,34e97ab4,sg,gemma3,34e9_pysg,True,8.12,gemma3:27b_psg_P
none,gemma3:27b_d558_psg,2964,85.32,True,7865,success,10829,8315d125,sg,gemma3,8315_pysg,True,8.12,gemma3:27b_psg_P
none,gemma3:27b_d558_psg,3497,101.2,True,9913,success,13410,30812e48,sg,gemma3,3081_pysg,True,8.12,gemma3:27b_psg_P
none,gemma3:27b_d558_psg,3468,100.35,True,9913,success,13381,c398991d,sg,gemma3,c398_pysg,True,8.12,gemma3:27b_psg_P
none,gemma3:27b_d558_psg,3603,103.97,True,9913,failure,13516,b897f12b,sg,gemma3,b897_pysg,True,8.12,gemma3:27b_psg_P
none,gemma3:27b_d558_psg,2996,86.16,True,7865,success,10861,4aed5512,sg,gemma3,4aed_pysg,True,8.12,gemma3:27b_psg_P
none,gemma3:27b_d558_psg,3534,102.05,True,9913,success,13447,fbc61fce,sg,gemma3,fbc6_pysg,True,8.12,gemma3:27b_psg_P
none,gemma3:27b_d558_psg,3489,100.94,True,9913,success,13402,af6b5f7b,sg,gemma3,af6b_pysg,True,8.12,gemma3:27b_psg_P
none,gemma3:27b_d558_psg,2778,80.39,True,7865,success,10643,39292e1d,sg,gemma3,3929_pysg,True,8.12,gemma3:27b_psg_P
none,gemma3:27b_d558_psg,3391,98.3,True,9913,success,13304,078aaa22,sg,gemma3,078a_pysg,True,8.12,gemma3:27b_psg_P
none,gemma3:27b_d558_psg,3676,105.92,True,9913,success,13589,bad938f6,sg,gemma3,bad9_pysg,True,8.12,gemma3:27b_psg_P
none,gemma3:27b_d558_psg,3640,104.91,True,9913,success,13553,70861c04,sg,gemma3,7086_pysg,True,8.12,gemma3:27b_psg_P
none,gemma3:27b_d558_psg,3391,98.25,True,9913,success,13304,e700644d,sg,gemma3,e700_pysg,True,8.12,gemma3:27b_psg_P
none,phi4_3b43_psg,647,14.56,True,1598,success,2245,74ed980d,sg,phi4,74ed_pysg,True,8.07,phi4_psg_P
none,phi4_3b43_psg,647,13.96,True,1598,success,2245,779a6cce,sg,phi4,779a_pysg,True,8.07,phi4_psg_P
none,phi4_3b43_psg,644,13.97,True,1598,success,2242,09927bf3,sg,phi4,0992_pysg,True,8.07,phi4_psg_P
none,phi4_3b43_psg,644,13.87,True,1598,success,2242,55e7ec9f,sg,phi4,55e7_pysg,True,8.07,phi4_psg_P
none,phi4_3b43_psg,644,14.29,True,1598,success,2242,cf590e4c,sg,phi4,cf59_pysg,True,8.07,phi4_psg_P
none,phi4_3b43_psg,644,14.03,True,1598,success,2242,7ef8453c,sg,phi4,7ef8_pysg,True,8.07,phi4_psg_P
none,phi4_3b43_psg,644,14.13,True,1598,success,2242,baad8bbc,sg,phi4,baad_pysg,True,8.07,phi4_psg_P
none,phi4_3b43_psg,647,14.03,True,1598,success,2245,b2ce77f0,sg,phi4,b2ce_pysg,True,8.07,phi4_psg_P
none,phi4_3b43_psg,644,14.05,True,1598,success,2242,0dc00de2,sg,phi4,0dc0_pysg,True,8.07,phi4_psg_P
none,phi4_3b43_psg,644,13.94,True,1598,success,2242,2e25c4be,sg,phi4,2e25_pysg,True,8.07,phi4_psg_P
none,phi4_3b43_psg,644,13.82,True,1598,success,2242,8b5e35d5,sg,phi4,8b5e_pysg,True,8.07,phi4_psg_P
none,phi4_3b43_psg,644,14.04,True,1598,success,2242,960dd108,sg,phi4,960d_pysg,True,8.07,phi4_psg_P
none,phi4_3b43_psg,644,13.93,True,1598,success,2242,9dfb1f48,sg,phi4,9dfb_pysg,True,8.07,phi4_psg_P
none,phi4_3b43_psg,644,13.88,True,1598,success,2242,4720e61f,sg,phi4,4720_pysg,True,8.07,phi4_psg_P
none,phi4_3b43_psg,647,13.96,True,1598,success,2245,7e752199,sg,phi4,7e75_pysg,True,8.07,phi4_psg_P
none,phi4_3b43_psg,647,13.98,True,1598,success,2245,24210cf5,sg,phi4,2421_pysg,True,8.07,phi4_psg_P
none,phi4_3b43_psg,644,13.92,True,1598,success,2242,b4cc45b2,sg,phi4,b4cc_pysg,True,8.07,phi4_psg_P
none,phi4_3b43_psg,644,13.91,True,1598,success,2242,e79f380c,sg,phi4,e79f_pysg,True,8.07,phi4_psg_P
none,phi4_3b43_psg,644,13.89,True,1598,success,2242,4a7f1f17,sg,phi4,4a7f_pysg,True,8.07,phi4_psg_P
none,phi4_3b43_psg,644,13.89,True,1598,success,2242,af4c422d,sg,phi4,af4c_pysg,True,8.07,phi4_psg_P
none,phi4_3b43_psg,644,16.04,True,1598,success,2242,40fd1617,sg,phi4,40fd_pysg,True,8.07,phi4_psg_P
none,phi4_3b43_psg,644,15.21,True,1598,success,2242,702ccd2b,sg,phi4,702c_pysg,True,8.07,phi4_psg_P
none,phi4_3b43_psg,644,13.91,True,1598,success,2242,e963c4fc,sg,phi4,e963_pysg,True,8.07,phi4_psg_P
none,phi4_3b43_psg,644,13.97,True,1598,success,2242,46bc2eec,sg,phi4,46bc_pysg,True,8.07,phi4_psg_P
none,phi4_3b43_psg,644,13.94,True,1598,success,2242,a01a8b3c,sg,phi4,a01a_pysg,True,8.07,phi4_psg_P
none,phi4_3b43_psg,644,13.85,True,1598,success,2242,ebca68a7,sg,phi4,ebca_pysg,True,8.07,phi4_psg_P
none,phi4_3b43_psg,647,14.1,True,1598,success,2245,44c92ceb,sg,phi4,44c9_pysg,True,8.07,phi4_psg_P
none,phi4_3b43_psg,644,13.86,True,1598,success,2242,3c235447,sg,phi4,3c23_pysg,True,8.07,phi4_psg_P
none,phi4_3b43_psg,647,14.16,True,1598,success,2245,555384e9,sg,phi4,5553_pysg,True,8.07,phi4_psg_P
none,phi4_3b43_psg,644,13.95,True,1598,success,2242,b486b57f,sg,phi4,b486_pysg,True,8.07,phi4_psg_P
none,phi4_3b43_tpusg,981,59.68,True,1806,success,2787,d82c8f72,sg,phi4,d82c_tpusg,True,8.07,phi4_tpusg_P
none,phi4_3b43_tpusg,926,19.69,True,1806,success,2732,7ba56093,sg,phi4,7ba5_tpusg,True,8.07,phi4_tpusg_P
none,phi4_3b43_tpusg,944,20.23,True,1806,success,2750,23f093d7,sg,phi4,23f0_tpusg,True,8.07,phi4_tpusg_P
none,phi4_3b43_tpusg,944,20.06,True,1806,success,2750,0f429cab,sg,phi4,0f42_tpusg,True,8.07,phi4_tpusg_P
none,phi4_3b43_tpusg,926,19.75,True,1806,success,2732,ef78447d,sg,phi4,ef78_tpusg,True,8.07,phi4_tpusg_P
none,phi4_3b43_tpusg,944,19.99,True,1806,success,2750,c39e4f3c,sg,phi4,c39e_tpusg,True,8.07,phi4_tpusg_P
none,phi4_3b43_tpusg,944,20.01,True,1806,success,2750,7cea88b2,sg,phi4,7cea_tpusg,True,8.07,phi4_tpusg_P
none,phi4_3b43_tpusg,944,20.05,True,1806,success,2750,c9cd1c2d,sg,phi4,c9cd_tpusg,True,8.07,phi4_tpusg_P
none,phi4_3b43_tpusg,926,19.68,True,1806,success,2732,b14929b5,sg,phi4,b149_tpusg,True,8.07,phi4_tpusg_P
none,phi4_3b43_tpusg,950,20.32,True,1806,success,2756,21e64a85,sg,phi4,21e6_tpusg,True,8.07,phi4_tpusg_P
none,phi4_3b43_tpusg,944,21.1,True,1806,success,2750,3df7abdb,sg,phi4,3df7_tpusg,True,8.07,phi4_tpusg_P
none,phi4_3b43_tpusg,950,20.32,True,1806,success,2756,39d9844a,sg,phi4,39d9_tpusg,True,8.07,phi4_tpusg_P
none,phi4_3b43_tpusg,944,20.18,True,1806,success,2750,773abb8f,sg,phi4,773a_tpusg,True,8.07,phi4_tpusg_P
none,phi4_3b43_tpusg,944,19.97,True,1806,success,2750,729f8a64,sg,phi4,729f_tpusg,True,8.07,phi4_tpusg_P
none,phi4_3b43_tpusg,944,20.22,True,1806,success,2750,e677c801,sg,phi4,e677_tpusg,True,8.07,phi4_tpusg_P
none,phi4_3b43_tpusg,944,20.03,True,1806,success,2750,059b057c,sg,phi4,059b_tpusg,True,8.07,phi4_tpusg_P
none,phi4_3b43_tpusg,944,20.02,True,1806,success,2750,a4d3959d,sg,phi4,a4d3_tpusg,True,8.07,phi4_tpusg_P
none,phi4_3b43_tpusg,944,21.16,True,1806,success,2750,42981e86,sg,phi4,4298_tpusg,True,8.07,phi4_tpusg_P
none,phi4_3b43_tpusg,944,20.01,True,1806,success,2750,ec39ef3b,sg,phi4,ec39_tpusg,True,8.07,phi4_tpusg_P
none,phi4_3b43_tpusg,950,20.17,True,1806,success,2756,9b178a93,sg,phi4,9b17_tpusg,True,8.07,phi4_tpusg_P
none,phi4_3b43_tpusg,926,19.75,True,1806,success,2732,1fe7f8dc,sg,phi4,1fe7_tpusg,True,8.07,phi4_tpusg_P
none,phi4_3b43_tpusg,944,20.16,True,1806,success,2750,5f8eb9ed,sg,phi4,5f8e_tpusg,True,8.07,phi4_tpusg_P
none,phi4_3b43_tpusg,950,20.16,True,1806,success,2756,04deea5e,sg,phi4,04de_tpusg,True,8.07,phi4_tpusg_P
none,phi4_3b43_tpusg,944,20.98,True,1806,success,2750,97d74c6f,sg,phi4,97d7_tpusg,True,8.07,phi4_tpusg_P
none,phi4_3b43_tpusg,926,19.86,True,1806,success,2732,e2257b5f,sg,phi4,e225_tpusg,True,8.07,phi4_tpusg_P
none,phi4_3b43_tpusg,944,20.08,True,1806,success,2750,bc9cbdbd,sg,phi4,bc9c_tpusg,True,8.07,phi4_tpusg_P
none,phi4_3b43_tpusg,944,20.21,True,1806,success,2750,93c3d0f1,sg,phi4,93c3_tpusg,True,8.07,phi4_tpusg_P
none,phi4_3b43_tpusg,950,20.16,True,1806,success,2756,0181bb76,sg,phi4,0181_tpusg,True,8.07,phi4_tpusg_P
none,phi4_3b43_tpusg,944,20.02,True,1806,success,2750,54ec841a,sg,phi4,54ec_tpusg,True,8.07,phi4_tpusg_P
none,phi4_3b43_tpusg,950,20.26,True,1806,success,2756,7ebdc64c,sg,phi4,7ebd_tpusg,True,8.07,phi4_tpusg_P
none,phi4_752a_psg,4871,100.12,False,9516,success,14387,22142ade,sg,phi4,2214_pysg,False,8.18,phi4_psg_NP
none,phi4_394b_psg,4871,100.12,False,9516,success,14387,22142ade,sg,phi4,2214_pysg,False,8.2,phi4_psg_NP
none,phi4_c5b0_psg,1633,34.0,False,3646,success,5279,c1182b40,sg,phi4,c118_pysg,False,8.18,phi4_psg_NP
none,phi4_989f_psg,1633,34.0,False,3646,success,5279,c1182b40,sg,phi4,c118_pysg,False,8.2,phi4_psg_NP
none,phi4_8f5a_psg,1226,24.7,False,1598,success,2824,61b8c7b1,sg,phi4,61b8_pysg,False,8.18,phi4_psg_NP
none,phi4_3356_psg,1226,24.7,False,1598,success,2824,61b8c7b1,sg,phi4,61b8_pysg,False,8.2,phi4_psg_NP
none,phi4_a477_psg,4712,97.01,False,9790,failure,14502,c942cbbf,sg,phi4,c942_pysg,False,8.18,phi4_psg_NP
none,phi4_d2df_psg,4712,97.01,False,9790,failure,14502,c942cbbf,sg,phi4,c942_pysg,False,8.2,phi4_psg_NP
none,phi4_6b34_psg,2613,53.97,False,5694,success,8307,99c07c98,sg,phi4,99c0_pysg,False,8.18,phi4_psg_NP
none,phi4_d01d_psg,2613,53.97,False,5694,success,8307,99c07c98,sg,phi4,99c0_pysg,False,8.2,phi4_psg_NP
none,phi4_acac_psg,2912,59.84,False,5694,success,8606,96d620bf,sg,phi4,96d6_pysg,False,8.18,phi4_psg_NP
none,phi4_973d_psg,2912,59.84,False,5694,success,8606,96d620bf,sg,phi4,96d6_pysg,False,8.2,phi4_psg_NP
none,phi4_2cd7_psg,2710,55.88,False,5694,success,8404,aab1691d,sg,phi4,aab1_pysg,False,8.18,phi4_psg_NP
none,phi4_c144_psg,2710,55.88,False,5694,success,8404,aab1691d,sg,phi4,aab1_pysg,False,8.2,phi4_psg_NP
none,phi4_0dd0_psg,1688,34.89,False,3646,success,5334,b096dd75,sg,phi4,b096_pysg,False,8.18,phi4_psg_NP
none,phi4_94b0_psg,1688,34.89,False,3646,success,5334,b096dd75,sg,phi4,b096_pysg,False,8.2,phi4_psg_NP
none,phi4_bfc7_psg,1469,30.64,False,3646,success,5115,4a1faf24,sg,phi4,4a1f_pysg,False,8.18,phi4_psg_NP
none,phi4_58e2_psg,1469,30.64,False,3646,success,5115,4a1faf24,sg,phi4,4a1f_pysg,False,8.2,phi4_psg_NP
none,phi4_20d0_psg,5372,109.43,False,9790,failure,15162,9516c3a7,sg,phi4,9516_pysg,False,8.18,phi4_psg_NP
none,phi4_41a0_psg,5372,109.43,False,9790,failure,15162,9516c3a7,sg,phi4,9516_pysg,False,8.2,phi4_psg_NP
none,phi4_a5c1_psg,3968,81.45,False,7742,success,11710,29716bbd,sg,phi4,2971_pysg,False,8.18,phi4_psg_NP
none,phi4_4038_psg,3968,81.45,False,7742,success,11710,29716bbd,sg,phi4,2971_pysg,False,8.2,phi4_psg_NP
none,phi4_475f_psg,2668,55.06,False,5694,success,8362,d0ae3e3f,sg,phi4,d0ae_pysg,False,8.18,phi4_psg_NP
none,phi4_e30f_psg,2668,55.06,False,5694,success,8362,d0ae3e3f,sg,phi4,d0ae_pysg,False,8.2,phi4_psg_NP
none,phi4_bb27_psg,3952,80.95,False,7468,success,11420,cf1ad13b,sg,phi4,cf1a_pysg,False,8.18,phi4_psg_NP
none,phi4_d4a5_psg,3952,80.95,False,7468,success,11420,cf1ad13b,sg,phi4,cf1a_pysg,False,8.2,phi4_psg_NP
none,phi4_b53c_psg,1738,35.86,False,3646,success,5384,150c8e39,sg,phi4,150c_pysg,False,8.18,phi4_psg_NP
none,phi4_21b9_psg,1738,35.86,False,3646,success,5384,150c8e39,sg,phi4,150c_pysg,False,8.2,phi4_psg_NP
none,phi4_a45c_psg,2637,54.55,False,5694,success,8331,6679f9ec,sg,phi4,6679_pysg,False,8.18,phi4_psg_NP
none,phi4_b4e8_psg,2637,54.55,False,5694,success,8331,6679f9ec,sg,phi4,6679_pysg,False,8.2,phi4_psg_NP
none,phi4_6e03_psg,670,14.03,False,1598,success,2268,91acf371,sg,phi4,91ac_pysg,False,8.18,phi4_psg_NP
none,phi4_f219_psg,670,14.03,False,1598,success,2268,91acf371,sg,phi4,91ac_pysg,False,8.2,phi4_psg_NP
none,phi4_5ba3_psg,1733,35.8,False,3646,success,5379,e813dc53,sg,phi4,e813_pysg,False,8.18,phi4_psg_NP
none,phi4_656e_psg,1733,35.8,False,3646,success,5379,e813dc53,sg,phi4,e813_pysg,False,8.2,phi4_psg_NP
none,phi4_b7e4_psg,2897,59.36,False,5694,success,8591,e8e83bab,sg,phi4,e8e8_pysg,False,8.18,phi4_psg_NP
none,phi4_a0d1_psg,2897,59.36,False,5694,success,8591,e8e83bab,sg,phi4,e8e8_pysg,False,8.2,phi4_psg_NP
none,phi4_a9e2_psg,1536,31.94,False,3646,success,5182,29950393,sg,phi4,2995_pysg,False,8.18,phi4_psg_NP
none,phi4_754b_psg,1536,31.94,False,3646,success,5182,29950393,sg,phi4,2995_pysg,False,8.2,phi4_psg_NP
none,phi4_d49a_psg,1613,33.45,False,3646,success,5259,8be299b4,sg,phi4,8be2_pysg,False,8.18,phi4_psg_NP
none,phi4_ffeb_psg,1613,33.45,False,3646,success,5259,8be299b4,sg,phi4,8be2_pysg,False,8.2,phi4_psg_NP
none,phi4_6123_psg,708,14.85,False,1598,success,2306,85116bfc,sg,phi4,8511_pysg,False,8.18,phi4_psg_NP
none,phi4_8672_psg,708,14.85,False,1598,success,2306,85116bfc,sg,phi4,8511_pysg,False,8.2,phi4_psg_NP
none,phi4_b58e_psg,3835,80.47,False,9790,success,13625,96185975,sg,phi4,9618_pysg,False,8.18,phi4_psg_NP
none,phi4_e4b3_psg,3835,80.47,False,9790,success,13625,96185975,sg,phi4,9618_pysg,False,8.2,phi4_psg_NP
none,phi4_b4f2_psg,3573,73.92,False,7742,success,11315,b0cf27ad,sg,phi4,b0cf_pysg,False,8.18,phi4_psg_NP
none,phi4_7e10_psg,3573,73.92,False,7742,success,11315,b0cf27ad,sg,phi4,b0cf_pysg,False,8.2,phi4_psg_NP
none,phi4_1d03_psg,5165,105.51,False,9790,success,14955,c8521c11,sg,phi4,c852_pysg,False,8.18,phi4_psg_NP
none,phi4_bcc9_psg,5165,105.51,False,9790,success,14955,c8521c11,sg,phi4,c852_pysg,False,8.2,phi4_psg_NP
none,phi4_ae9d_psg,4126,85.9,False,9790,success,13916,fefbe46b,sg,phi4,fefb_pysg,False,8.18,phi4_psg_NP
none,phi4_82c5_psg,4126,85.9,False,9790,success,13916,fefbe46b,sg,phi4,fefb_pysg,False,8.2,phi4_psg_NP
none,phi4_3711_psg,795,16.46,False,1598,success,2393,a4e075e1,sg,phi4,a4e0_pysg,False,8.18,phi4_psg_NP
none,phi4_cd6c_psg,795,16.46,False,1598,success,2393,a4e075e1,sg,phi4,a4e0_pysg,False,8.2,phi4_psg_NP
none,phi4_c0d9_psg,4838,99.26,False,9575,failure,14413,8bdbaadb,sg,phi4,8bdb_pysg,False,8.18,phi4_psg_NP
none,phi4_101a_psg,4838,99.26,False,9575,failure,14413,8bdbaadb,sg,phi4,8bdb_pysg,False,8.2,phi4_psg_NP
none,phi4_d21b_psg,2454,51.03,False,5694,success,8148,0b432495,sg,phi4,0b43_pysg,False,8.18,phi4_psg_NP
none,phi4_2700_psg,2454,51.03,False,5694,success,8148,0b432495,sg,phi4,0b43_pysg,False,8.2,phi4_psg_NP
none,phi4_5133_psg,828,17.34,False,1598,success,2426,c94377c4,sg,phi4,c943_pysg,False,8.18,phi4_psg_NP
none,phi4_29a2_psg,828,17.34,False,1598,success,2426,c94377c4,sg,phi4,c943_pysg,False,8.2,phi4_psg_NP
none,phi4_cd83_psg,4572,94.29,False,9596,failure,14168,376c717a,sg,phi4,376c_pysg,False,8.18,phi4_psg_NP
none,phi4_36cf_psg,4572,94.29,False,9596,failure,14168,376c717a,sg,phi4,376c_pysg,False,8.2,phi4_psg_NP
none,phi4_4458_tpusg,1857,38.43,False,3854,success,5711,a6b3d80c,sg,phi4,a6b3_tpusg,False,8.18,phi4_tpusg_NP
none,phi4_0122_tpusg,1857,38.43,False,3854,success,5711,a6b3d80c,sg,phi4,a6b3_tpusg,False,8.2,phi4_tpusg_NP
none,phi4_3f0d_tpusg,799,16.72,False,1806,success,2605,b5e3e32f,sg,phi4,b5e3_tpusg,False,8.18,phi4_tpusg_NP
none,phi4_ea93_tpusg,799,16.72,False,1806,success,2605,b5e3e32f,sg,phi4,b5e3_tpusg,False,8.2,phi4_tpusg_NP
none,phi4_9d83_tpusg,1996,41.01,False,3854,success,5850,b860ea2b,sg,phi4,b860_tpusg,False,8.18,phi4_tpusg_NP
none,phi4_5bf9_tpusg,1996,41.01,False,3854,success,5850,b860ea2b,sg,phi4,b860_tpusg,False,8.2,phi4_tpusg_NP
none,phi4_0d41_tpusg,1804,37.54,False,3854,success,5658,cfa493f2,sg,phi4,cfa4_tpusg,False,8.18,phi4_tpusg_NP
none,phi4_7b6f_tpusg,1804,37.54,False,3854,success,5658,cfa493f2,sg,phi4,cfa4_tpusg,False,8.2,phi4_tpusg_NP
none,phi4_bee6_tpusg,1964,40.61,False,3854,success,5818,4321629e,sg,phi4,4321_tpusg,False,8.18,phi4_tpusg_NP
none,phi4_73d4_tpusg,1964,40.61,False,3854,success,5818,4321629e,sg,phi4,4321_tpusg,False,8.2,phi4_tpusg_NP
none,phi4_850d_tpusg,961,19.84,False,1806,success,2767,83db3009,sg,phi4,83db_tpusg,False,8.18,phi4_tpusg_NP
none,phi4_c828_tpusg,961,19.84,False,1806,success,2767,83db3009,sg,phi4,83db_tpusg,False,8.2,phi4_tpusg_NP
none,phi4_ac3b_tpusg,4917,101.09,False,9909,success,14826,e3dfb98e,sg,phi4,e3df_tpusg,False,8.18,phi4_tpusg_NP
none,phi4_2dd1_tpusg,4917,101.09,False,9909,success,14826,e3dfb98e,sg,phi4,e3df_tpusg,False,8.2,phi4_tpusg_NP
none,phi4_c7ca_tpusg,806,16.88,False,1806,success,2612,81b4f741,sg,phi4,81b4_tpusg,False,8.18,phi4_tpusg_NP
none,phi4_ed03_tpusg,806,16.88,False,1806,success,2612,81b4f741,sg,phi4,81b4_tpusg,False,8.2,phi4_tpusg_NP
none,phi4_c514_tpusg,880,18.28,False,1806,success,2686,ee8202a6,sg,phi4,ee82_tpusg,False,8.18,phi4_tpusg_NP
none,phi4_caed_tpusg,880,18.28,False,1806,success,2686,ee8202a6,sg,phi4,ee82_tpusg,False,8.2,phi4_tpusg_NP
none,phi4_ab8d_tpusg,1874,38.69,False,3854,success,5728,121f20a3,sg,phi4,121f_tpusg,False,8.18,phi4_tpusg_NP
none,phi4_def4_tpusg,1874,38.69,False,3854,success,5728,121f20a3,sg,phi4,121f_tpusg,False,8.2,phi4_tpusg_NP
none,phi4_b0dd_tpusg,1001,20.54,False,1806,success,2807,dd8e89bc,sg,phi4,dd8e_tpusg,False,8.18,phi4_tpusg_NP
none,phi4_b4c7_tpusg,1001,20.54,False,1806,success,2807,dd8e89bc,sg,phi4,dd8e_tpusg,False,8.2,phi4_tpusg_NP
none,phi4_227e_tpusg,1007,20.64,False,1806,success,2813,1d5cf198,sg,phi4,1d5c_tpusg,False,8.18,phi4_tpusg_NP
none,phi4_e60b_tpusg,1007,20.64,False,1806,success,2813,1d5cf198,sg,phi4,1d5c_tpusg,False,8.2,phi4_tpusg_NP
none,phi4_6e05_tpusg,6521,131.27,False,9998,failure,16519,21676f84,sg,phi4,2167_tpusg,False,8.18,phi4_tpusg_NP
none,phi4_2d72_tpusg,6521,131.27,False,9998,failure,16519,21676f84,sg,phi4,2167_tpusg,False,8.2,phi4_tpusg_NP
none,phi4_6047_tpusg,2294,46.59,False,3854,success,6148,02ddc4db,sg,phi4,02dd_tpusg,False,8.18,phi4_tpusg_NP
none,phi4_a25c_tpusg,2294,46.59,False,3854,success,6148,02ddc4db,sg,phi4,02dd_tpusg,False,8.2,phi4_tpusg_NP
none,phi4_74a5_tpusg,1928,39.81,False,3854,success,5782,29474ff9,sg,phi4,2947_tpusg,False,8.18,phi4_tpusg_NP
none,phi4_c33e_tpusg,1928,39.81,False,3854,success,5782,29474ff9,sg,phi4,2947_tpusg,False,8.2,phi4_tpusg_NP
none,phi4_6c44_tpusg,5249,107.2,False,9908,success,15157,35ae5126,sg,phi4,35ae_tpusg,False,8.18,phi4_tpusg_NP
none,phi4_2d77_tpusg,5249,107.2,False,9908,success,15157,35ae5126,sg,phi4,35ae_tpusg,False,8.2,phi4_tpusg_NP
none,phi4_4a51_tpusg,840,17.52,False,1806,success,2646,36b6d2df,sg,phi4,36b6_tpusg,False,8.18,phi4_tpusg_NP
none,phi4_59e0_tpusg,840,17.52,False,1806,success,2646,36b6d2df,sg,phi4,36b6_tpusg,False,8.2,phi4_tpusg_NP
none,phi4_18a4_tpusg,900,18.64,False,1806,success,2706,f7ee6d7c,sg,phi4,f7ee_tpusg,False,8.18,phi4_tpusg_NP
none,phi4_7fa7_tpusg,900,18.64,False,1806,success,2706,f7ee6d7c,sg,phi4,f7ee_tpusg,False,8.2,phi4_tpusg_NP
none,phi4_adaf_tpusg,693,14.7,False,1806,success,2499,2d663362,sg,phi4,2d66_tpusg,False,8.18,phi4_tpusg_NP
none,phi4_fac9_tpusg,693,14.7,False,1806,success,2499,2d663362,sg,phi4,2d66_tpusg,False,8.2,phi4_tpusg_NP
none,phi4_e41c_tpusg,746,15.72,False,1806,success,2552,3cc6623d,sg,phi4,3cc6_tpusg,False,8.18,phi4_tpusg_NP
none,phi4_7e93_tpusg,746,15.72,False,1806,success,2552,3cc6623d,sg,phi4,3cc6_tpusg,False,8.2,phi4_tpusg_NP
none,phi4_bdb7_tpusg,2140,43.76,False,3854,success,5994,55620860,sg,phi4,5562_tpusg,False,8.18,phi4_tpusg_NP
none,phi4_3db0_tpusg,2140,43.76,False,3854,success,5994,55620860,sg,phi4,5562_tpusg,False,8.2,phi4_tpusg_NP
none,phi4_8fb9_tpusg,828,17.53,False,1806,success,2634,8d315ff9,sg,phi4,8d31_tpusg,False,8.18,phi4_tpusg_NP
none,phi4_d6fe_tpusg,828,17.53,False,1806,success,2634,8d315ff9,sg,phi4,8d31_tpusg,False,8.2,phi4_tpusg_NP
none,phi4_89c4_tpusg,5332,108.95,False,9998,success,15330,fdf6ab4e,sg,phi4,fdf6_tpusg,False,8.18,phi4_tpusg_NP
none,phi4_f63f_tpusg,5332,108.95,False,9998,success,15330,fdf6ab4e,sg,phi4,fdf6_tpusg,False,8.2,phi4_tpusg_NP
none,phi4_46f4_tpusg,904,18.84,False,1806,success,2710,beb3229a,sg,phi4,beb3_tpusg,False,8.18,phi4_tpusg_NP
none,phi4_2152_tpusg,904,18.84,False,1806,success,2710,beb3229a,sg,phi4,beb3_tpusg,False,8.2,phi4_tpusg_NP
none,phi4_ca84_tpusg,869,18.08,False,1806,success,2675,73cf8b27,sg,phi4,73cf_tpusg,False,8.18,phi4_tpusg_NP
none,phi4_c172_tpusg,869,18.08,False,1806,success,2675,73cf8b27,sg,phi4,73cf_tpusg,False,8.2,phi4_tpusg_NP
none,phi4_f880_tpusg,816,17.14,False,1806,success,2622,9f9be779,sg,phi4,9f9b_tpusg,False,8.18,phi4_tpusg_NP
none,phi4_d7f3_tpusg,816,17.14,False,1806,success,2622,9f9be779,sg,phi4,9f9b_tpusg,False,8.2,phi4_tpusg_NP
none,phi4_4485_tpusg,5125,105.14,False,9998,failure,15123,006d4f73,sg,phi4,006d_tpusg,False,8.18,phi4_tpusg_NP
none,phi4_e4bf_tpusg,5125,105.14,False,9998,failure,15123,006d4f73,sg,phi4,006d_tpusg,False,8.2,phi4_tpusg_NP
none,phi4_3959_tpusg,739,15.57,False,1806,success,2545,0cc89be8,sg,phi4,0cc8_tpusg,False,8.18,phi4_tpusg_NP
none,phi4_4aa4_tpusg,739,15.57,False,1806,success,2545,0cc89be8,sg,phi4,0cc8_tpusg,False,8.2,phi4_tpusg_NP
none,phi4_8644_tpusg,812,16.95,False,1806,success,2618,3b284102,sg,phi4,3b28_tpusg,False,8.18,phi4_tpusg_NP
none,phi4_2478_tpusg,812,16.95,False,1806,success,2618,3b284102,sg,phi4,3b28_tpusg,False,8.2,phi4_tpusg_NP
none,phi4_76b0_tpusg,958,19.74,False,1806,success,2764,872906c0,sg,phi4,8729_tpusg,False,8.18,phi4_tpusg_NP
none,phi4_57dd_tpusg,958,19.74,False,1806,success,2764,872906c0,sg,phi4,8729_tpusg,False,8.2,phi4_tpusg_NP
none,phi4_85a9_psg,3567,76.23,False,7742,success,11309,c4593086,sg,phi4,c459_pysg,False,7.3,phi4_psg_NP
none,phi4_85a9_psg,3172,66.74,False,5694,success,8866,59566d9a,sg,phi4,5956_pysg,False,7.3,phi4_psg_NP
none,phi4_85a9_psg,635,13.72,False,1598,success,2233,5c842f26,sg,phi4,5c84_pysg,False,7.3,phi4_psg_NP
none,phi4_85a9_psg,759,16.18,False,1598,success,2357,ea053ed4,sg,phi4,ea05_pysg,False,7.3,phi4_psg_NP
none,phi4_85a9_psg,661,14.31,False,1598,success,2259,90f0dc15,sg,phi4,90f0_pysg,False,7.3,phi4_psg_NP
none,phi4_85a9_psg,2241,48.52,False,5694,success,7935,1c24c385,sg,phi4,1c24_pysg,False,7.3,phi4_psg_NP
none,phi4_85a9_psg,3883,84.02,False,9790,failure,13673,8b6587cd,sg,phi4,8b65_pysg,False,7.3,phi4_psg_NP
none,phi4_85a9_psg,3882,83.66,False,9790,failure,13672,12129c51,sg,phi4,1212_pysg,False,7.3,phi4_psg_NP
none,phi4_85a9_psg,3488,76.12,False,9790,success,13278,5074eec8,sg,phi4,5074_pysg,False,7.3,phi4_psg_NP
none,phi4_85a9_psg,3956,85.21,False,9790,failure,13746,151c23e1,sg,phi4,151c_pysg,False,7.3,phi4_psg_NP
none,phi4_85a9_psg,3442,73.14,False,7742,success,11184,f72b2529,sg,phi4,f72b_pysg,False,7.3,phi4_psg_NP
none,phi4_85a9_psg,4124,88.45,False,9570,success,13694,0f23a588,sg,phi4,0f23_pysg,False,7.3,phi4_psg_NP
none,phi4_85a9_psg,4283,91.5,False,9790,success,14073,e043c086,sg,phi4,e043_pysg,False,7.3,phi4_psg_NP
none,phi4_85a9_psg,3871,83.33,False,9790,failure,13661,93c476c4,sg,phi4,93c4_pysg,False,7.3,phi4_psg_NP
none,phi4_85a9_psg,2299,49.43,False,5694,success,7993,f27c4644,sg,phi4,f27c_pysg,False,7.3,phi4_psg_NP
none,phi4_85a9_psg,3190,68.24,False,7742,success,10932,a0cf0eef,sg,phi4,a0cf_pysg,False,7.3,phi4_psg_NP
none,phi4_85a9_psg,4657,98.59,False,9790,failure,14447,8bd43a52,sg,phi4,8bd4_pysg,False,7.3,phi4_psg_NP
none,phi4_85a9_psg,4409,94.16,False,9790,failure,14199,455ffdb4,sg,phi4,455f_pysg,False,7.3,phi4_psg_NP
none,phi4_85a9_psg,689,14.7,False,1598,success,2287,1b55cd0f,sg,phi4,1b55_pysg,False,7.3,phi4_psg_NP
none,phi4_85a9_psg,3961,85.51,False,9790,failure,13751,3286ec0d,sg,phi4,3286_pysg,False,7.3,phi4_psg_NP
none,phi4_85a9_psg,773,16.6,False,1598,success,2371,e79675f6,sg,phi4,e796_pysg,False,7.3,phi4_psg_NP
none,phi4_85a9_psg,4164,89.58,False,9790,failure,13954,ca7fa1f6,sg,phi4,ca7f_pysg,False,7.3,phi4_psg_NP
none,phi4_85a9_psg,3676,79.14,False,9790,failure,13466,303e503c,sg,phi4,303e_pysg,False,7.3,phi4_psg_NP
none,phi4_85a9_psg,3156,68.06,False,7742,success,10898,7a05fb0d,sg,phi4,7a05_pysg,False,7.3,phi4_psg_NP
none,phi4_85a9_psg,4054,89.19,False,9790,failure,13844,1429962f,sg,phi4,1429_pysg,False,7.3,phi4_psg_NP
none,phi4_85a9_psg,698,15.45,False,1598,success,2296,3169519b,sg,phi4,3169_pysg,False,7.3,phi4_psg_NP
none,phi4_85a9_psg,4051,89.95,False,9790,success,13841,8c806a7e,sg,phi4,8c80_pysg,False,7.3,phi4_psg_NP
none,phi4_85a9_psg,4677,102.67,False,9790,failure,14467,f6107d7c,sg,phi4,f610_pysg,False,7.3,phi4_psg_NP
none,phi4_85a9_psg,1846,40.32,False,3646,success,5492,c8023795,sg,phi4,c802_pysg,False,7.3,phi4_psg_NP
none,phi4_85a9_psg,4294,94.93,False,9790,failure,14084,3d702eb0,sg,phi4,3d70_pysg,False,7.3,phi4_psg_NP
none,phi4_85a9_tpusg,2017,55.6,False,3854,success,5871,d54479fd,sg,phi4,d544_tpusg,False,7.3,phi4_tpusg_NP
none,phi4_85a9_tpusg,3196,66.82,False,5902,success,9098,392aed53,sg,phi4,392a_tpusg,False,7.3,phi4_tpusg_NP
none,phi4_85a9_tpusg,1100,23.23,False,1806,success,2906,a2023b4a,sg,phi4,a202_tpusg,False,7.3,phi4_tpusg_NP
none,phi4_85a9_tpusg,1848,39.15,False,3854,success,5702,0f126758,sg,phi4,0f12_tpusg,False,7.3,phi4_tpusg_NP
none,phi4_85a9_tpusg,941,20.07,False,1806,success,2747,0b55a27f,sg,phi4,0b55_tpusg,False,7.3,phi4_tpusg_NP
none,phi4_85a9_tpusg,798,17.4,False,1806,success,2604,374ddc39,sg,phi4,374d_tpusg,False,7.3,phi4_tpusg_NP
none,phi4_85a9_tpusg,843,18.27,False,1806,success,2649,3fb10dcd,sg,phi4,3fb1_tpusg,False,7.3,phi4_tpusg_NP
none,phi4_85a9_tpusg,883,19.09,False,1806,success,2689,e016b5e7,sg,phi4,e016_tpusg,False,7.3,phi4_tpusg_NP
none,phi4_85a9_tpusg,719,16.08,False,1806,success,2525,7bf9ea7f,sg,phi4,7bf9_tpusg,False,7.3,phi4_tpusg_NP
none,phi4_85a9_tpusg,1970,45.14,False,3854,success,5824,fbfbb01b,sg,phi4,fbfb_tpusg,False,7.3,phi4_tpusg_NP
none,phi4_85a9_tpusg,1038,25.98,False,1806,success,2844,449008df,sg,phi4,4490_tpusg,False,7.3,phi4_tpusg_NP
none,phi4_85a9_tpusg,1186,26.13,False,1806,success,2992,8e0162a7,sg,phi4,8e01_tpusg,False,7.3,phi4_tpusg_NP
none,phi4_85a9_tpusg,4433,97.05,False,7875,success,12308,058689f5,sg,phi4,0586_tpusg,False,7.3,phi4_tpusg_NP
none,phi4_85a9_tpusg,938,20.59,False,1806,success,2744,6b400442,sg,phi4,6b40_tpusg,False,7.3,phi4_tpusg_NP
none,phi4_85a9_tpusg,2927,63.79,False,5902,success,8829,2fa09e93,sg,phi4,2fa0_tpusg,False,7.3,phi4_tpusg_NP
none,phi4_85a9_tpusg,2097,45.38,False,3854,success,5951,95834f79,sg,phi4,9583_tpusg,False,7.3,phi4_tpusg_NP
none,phi4_85a9_tpusg,1830,39.02,False,3854,success,5684,585da405,sg,phi4,585d_tpusg,False,7.3,phi4_tpusg_NP
none,phi4_85a9_tpusg,1044,21.97,False,1806,success,2850,dd530656,sg,phi4,dd53_tpusg,False,7.3,phi4_tpusg_NP
none,phi4_85a9_tpusg,972,20.73,False,1806,success,2778,51992109,sg,phi4,5199_tpusg,False,7.3,phi4_tpusg_NP
none,phi4_85a9_tpusg,926,19.72,False,1806,success,2732,bd5ca91c,sg,phi4,bd5c_tpusg,False,7.3,phi4_tpusg_NP
none,phi4_85a9_tpusg,1019,21.77,False,1806,success,2825,496c264a,sg,phi4,496c_tpusg,False,7.3,phi4_tpusg_NP
none,phi4_85a9_tpusg,976,20.74,False,1806,success,2782,63aeb14a,sg,phi4,63ae_tpusg,False,7.3,phi4_tpusg_NP
none,phi4_85a9_tpusg,757,16.46,False,1806,success,2563,9baefe3b,sg,phi4,9bae_tpusg,False,7.3,phi4_tpusg_NP
none,phi4_85a9_tpusg,2030,43.15,False,3854,success,5884,368c0d11,sg,phi4,368c_tpusg,False,7.3,phi4_tpusg_NP
none,phi4_85a9_tpusg,929,19.72,False,1806,success,2735,d92bae51,sg,phi4,d92b_tpusg,False,7.3,phi4_tpusg_NP
none,phi4_85a9_tpusg,2222,46.5,False,3854,success,6076,a7d40f6a,sg,phi4,a7d4_tpusg,False,7.3,phi4_tpusg_NP
none,phi4_85a9_tpusg,1801,38.44,False,3854,success,5655,cf6ff531,sg,phi4,cf6f_tpusg,False,7.3,phi4_tpusg_NP
none,phi4_85a9_tpusg,945,20.18,False,1806,success,2751,cd1e42b6,sg,phi4,cd1e_tpusg,False,7.3,phi4_tpusg_NP
none,phi4_85a9_tpusg,929,19.78,False,1806,success,2735,4b0689be,sg,phi4,4b06_tpusg,False,7.3,phi4_tpusg_NP
none,phi4_85a9_tpusg,805,17.29,False,1806,success,2611,7813eda3,sg,phi4,7813_tpusg,False,7.3,phi4_tpusg_NP
none,phi4_2b61_psg,644,13.53,True,1598,success,2242,67a5a2af,sg,phi4,67a5_pysg,True,8.19,phi4_psg_P
none,phi4_354e_psg,644,13.53,True,1598,success,2242,67a5a2af,sg,phi4,67a5_pysg,True,8.17,phi4_psg_P
none,phi4_16d0_psg,644,13.5,True,1598,success,2242,8d925156,sg,phi4,8d92_pysg,True,8.19,phi4_psg_P
none,phi4_3bc8_psg,644,13.5,True,1598,success,2242,8d925156,sg,phi4,8d92_pysg,True,8.17,phi4_psg_P
none,phi4_b529_psg,647,13.76,True,1598,success,2245,e3dd830d,sg,phi4,e3dd_pysg,True,8.19,phi4_psg_P
none,phi4_edd8_psg,647,13.76,True,1598,success,2245,e3dd830d,sg,phi4,e3dd_pysg,True,8.17,phi4_psg_P
none,phi4_16b5_psg,647,13.81,True,1598,success,2245,c2219308,sg,phi4,c221_pysg,True,8.19,phi4_psg_P
none,phi4_1f27_psg,647,13.81,True,1598,success,2245,c2219308,sg,phi4,c221_pysg,True,8.17,phi4_psg_P
none,phi4_1322_psg,644,13.51,True,1598,success,2242,51d343e7,sg,phi4,51d3_pysg,True,8.19,phi4_psg_P
none,phi4_fac8_psg,644,13.51,True,1598,success,2242,51d343e7,sg,phi4,51d3_pysg,True,8.17,phi4_psg_P
none,phi4_f807_psg,644,13.5,True,1598,success,2242,be4b4ae1,sg,phi4,be4b_pysg,True,8.19,phi4_psg_P
none,phi4_34e1_psg,644,13.5,True,1598,success,2242,be4b4ae1,sg,phi4,be4b_pysg,True,8.17,phi4_psg_P
none,phi4_917c_psg,644,13.51,True,1598,success,2242,47c8f2b8,sg,phi4,47c8_pysg,True,8.19,phi4_psg_P
none,phi4_cd80_psg,644,13.51,True,1598,success,2242,47c8f2b8,sg,phi4,47c8_pysg,True,8.17,phi4_psg_P
none,phi4_4e68_psg,647,13.55,True,1598,success,2245,d05ba8dc,sg,phi4,d05b_pysg,True,8.19,phi4_psg_P
none,phi4_7baf_psg,647,13.55,True,1598,success,2245,d05ba8dc,sg,phi4,d05b_pysg,True,8.17,phi4_psg_P
none,phi4_653a_psg,644,13.5,True,1598,success,2242,063a1fa1,sg,phi4,063a_pysg,True,8.19,phi4_psg_P
none,phi4_56d1_psg,644,13.5,True,1598,success,2242,063a1fa1,sg,phi4,063a_pysg,True,8.17,phi4_psg_P
none,phi4_5901_psg,644,13.51,True,1598,success,2242,22f82e85,sg,phi4,22f8_pysg,True,8.19,phi4_psg_P
none,phi4_b0b3_psg,644,13.51,True,1598,success,2242,22f82e85,sg,phi4,22f8_pysg,True,8.17,phi4_psg_P
none,phi4_d028_psg,644,13.49,True,1598,success,2242,a601fd71,sg,phi4,a601_pysg,True,8.19,phi4_psg_P
none,phi4_0637_psg,644,13.49,True,1598,success,2242,a601fd71,sg,phi4,a601_pysg,True,8.17,phi4_psg_P
none,phi4_759f_psg,644,13.5,True,1598,success,2242,ee155283,sg,phi4,ee15_pysg,True,8.19,phi4_psg_P
none,phi4_7854_psg,644,13.5,True,1598,success,2242,ee155283,sg,phi4,ee15_pysg,True,8.17,phi4_psg_P
none,phi4_7ce4_psg,647,13.56,True,1598,success,2245,c1a25589,sg,phi4,c1a2_pysg,True,8.19,phi4_psg_P
none,phi4_a07b_psg,647,13.56,True,1598,success,2245,c1a25589,sg,phi4,c1a2_pysg,True,8.17,phi4_psg_P
none,phi4_fdb4_psg,647,13.56,True,1598,success,2245,b4c57100,sg,phi4,b4c5_pysg,True,8.19,phi4_psg_P
none,phi4_0b7f_psg,647,13.56,True,1598,success,2245,b4c57100,sg,phi4,b4c5_pysg,True,8.17,phi4_psg_P
none,phi4_1bd3_psg,647,13.55,True,1598,success,2245,f29f7068,sg,phi4,f29f_pysg,True,8.19,phi4_psg_P
none,phi4_68f8_psg,647,13.55,True,1598,success,2245,f29f7068,sg,phi4,f29f_pysg,True,8.17,phi4_psg_P
none,phi4_8833_psg,644,13.51,True,1598,success,2242,26f12e72,sg,phi4,26f1_pysg,True,8.19,phi4_psg_P
none,phi4_6fe8_psg,644,13.51,True,1598,success,2242,26f12e72,sg,phi4,26f1_pysg,True,8.17,phi4_psg_P
none,phi4_e55c_psg,644,13.51,True,1598,success,2242,f96ed91f,sg,phi4,f96e_pysg,True,8.19,phi4_psg_P
none,phi4_7fa6_psg,644,13.51,True,1598,success,2242,f96ed91f,sg,phi4,f96e_pysg,True,8.17,phi4_psg_P
none,phi4_cfd5_psg,644,13.49,True,1598,success,2242,65f852e8,sg,phi4,65f8_pysg,True,8.19,phi4_psg_P
none,phi4_1a7d_psg,644,13.49,True,1598,success,2242,65f852e8,sg,phi4,65f8_pysg,True,8.17,phi4_psg_P
none,phi4_454f_psg,644,13.51,True,1598,success,2242,0d7d5df8,sg,phi4,0d7d_pysg,True,8.19,phi4_psg_P
none,phi4_c513_psg,644,13.51,True,1598,success,2242,0d7d5df8,sg,phi4,0d7d_pysg,True,8.17,phi4_psg_P
none,phi4_95da_psg,644,13.69,True,1598,success,2242,69e6cbf4,sg,phi4,69e6_pysg,True,8.19,phi4_psg_P
none,phi4_2f36_psg,644,13.69,True,1598,success,2242,69e6cbf4,sg,phi4,69e6_pysg,True,8.17,phi4_psg_P
none,phi4_e32f_psg,644,13.75,True,1598,success,2242,ae74f663,sg,phi4,ae74_pysg,True,8.19,phi4_psg_P
none,phi4_0a39_psg,644,13.75,True,1598,success,2242,ae74f663,sg,phi4,ae74_pysg,True,8.17,phi4_psg_P
none,phi4_62ec_psg,644,13.52,True,1598,success,2242,a3ce03d7,sg,phi4,a3ce_pysg,True,8.19,phi4_psg_P
none,phi4_2243_psg,644,13.52,True,1598,success,2242,a3ce03d7,sg,phi4,a3ce_pysg,True,8.17,phi4_psg_P
none,phi4_0919_psg,644,13.51,True,1598,success,2242,d4fad384,sg,phi4,d4fa_pysg,True,8.19,phi4_psg_P
none,phi4_645b_psg,644,13.51,True,1598,success,2242,d4fad384,sg,phi4,d4fa_pysg,True,8.17,phi4_psg_P
none,phi4_c421_psg,647,13.57,True,1598,success,2245,eab579ee,sg,phi4,eab5_pysg,True,8.19,phi4_psg_P
none,phi4_f41e_psg,647,13.57,True,1598,success,2245,eab579ee,sg,phi4,eab5_pysg,True,8.17,phi4_psg_P
none,phi4_05a4_psg,647,13.55,True,1598,success,2245,59e36cdf,sg,phi4,59e3_pysg,True,8.19,phi4_psg_P
none,phi4_573b_psg,647,13.55,True,1598,success,2245,59e36cdf,sg,phi4,59e3_pysg,True,8.17,phi4_psg_P
none,phi4_19e1_psg,644,13.53,True,1598,success,2242,681679f3,sg,phi4,6816_pysg,True,8.19,phi4_psg_P
none,phi4_7d8f_psg,644,13.53,True,1598,success,2242,681679f3,sg,phi4,6816_pysg,True,8.17,phi4_psg_P
none,phi4_97b4_psg,647,13.58,True,1598,success,2245,80658183,sg,phi4,8065_pysg,True,8.19,phi4_psg_P
none,phi4_b597_psg,647,13.58,True,1598,success,2245,80658183,sg,phi4,8065_pysg,True,8.17,phi4_psg_P
none,phi4_e9a0_psg,644,13.5,True,1598,success,2242,e42fd08e,sg,phi4,e42f_pysg,True,8.19,phi4_psg_P
none,phi4_ac9e_psg,644,13.5,True,1598,success,2242,e42fd08e,sg,phi4,e42f_pysg,True,8.17,phi4_psg_P
none,phi4_a28c_psg,647,13.56,True,1598,success,2245,9589bb2c,sg,phi4,9589_pysg,True,8.19,phi4_psg_P
none,phi4_872d_psg,647,13.56,True,1598,success,2245,9589bb2c,sg,phi4,9589_pysg,True,8.17,phi4_psg_P
none,phi4_f88b_psg,647,13.55,True,1598,success,2245,62fec0e6,sg,phi4,62fe_pysg,True,8.19,phi4_psg_P
none,phi4_31df_psg,647,13.55,True,1598,success,2245,62fec0e6,sg,phi4,62fe_pysg,True,8.17,phi4_psg_P
none,phi4_e9f3_tpusg,950,28.11,True,1806,success,2756,be0603a0,sg,phi4,be06_tpusg,True,8.19,phi4_tpusg_P
none,phi4_0622_tpusg,950,28.11,True,1806,success,2756,be0603a0,sg,phi4,be06_tpusg,True,8.17,phi4_tpusg_P
none,phi4_c7b4_tpusg,951,19.65,True,1806,success,2757,6661f06a,sg,phi4,6661_tpusg,True,8.19,phi4_tpusg_P
none,phi4_03d7_tpusg,951,19.65,True,1806,success,2757,6661f06a,sg,phi4,6661_tpusg,True,8.17,phi4_tpusg_P
none,phi4_4a2c_tpusg,926,19.13,True,1806,success,2732,892bcdad,sg,phi4,892b_tpusg,True,8.19,phi4_tpusg_P
none,phi4_3c2a_tpusg,926,19.13,True,1806,success,2732,892bcdad,sg,phi4,892b_tpusg,True,8.17,phi4_tpusg_P
none,phi4_33d5_tpusg,926,19.17,True,1806,success,2732,c7ab1703,sg,phi4,c7ab_tpusg,True,8.19,phi4_tpusg_P
none,phi4_57dd_tpusg,926,19.17,True,1806,success,2732,c7ab1703,sg,phi4,c7ab_tpusg,True,8.17,phi4_tpusg_P
none,phi4_9b2e_tpusg,944,19.45,True,1806,success,2750,338e9382,sg,phi4,338e_tpusg,True,8.19,phi4_tpusg_P
none,phi4_76ce_tpusg,944,19.45,True,1806,success,2750,338e9382,sg,phi4,338e_tpusg,True,8.17,phi4_tpusg_P
none,phi4_1666_tpusg,944,19.46,True,1806,success,2750,273bf776,sg,phi4,273b_tpusg,True,8.19,phi4_tpusg_P
none,phi4_8ef4_tpusg,944,19.46,True,1806,success,2750,273bf776,sg,phi4,273b_tpusg,True,8.17,phi4_tpusg_P
none,phi4_50e4_tpusg,950,19.6,True,1806,success,2756,a2825f71,sg,phi4,a282_tpusg,True,8.19,phi4_tpusg_P
none,phi4_2ab1_tpusg,950,19.6,True,1806,success,2756,a2825f71,sg,phi4,a282_tpusg,True,8.17,phi4_tpusg_P
none,phi4_9115_tpusg,950,19.57,True,1806,success,2756,c06af380,sg,phi4,c06a_tpusg,True,8.19,phi4_tpusg_P
none,phi4_8dc3_tpusg,950,19.57,True,1806,success,2756,c06af380,sg,phi4,c06a_tpusg,True,8.17,phi4_tpusg_P
none,phi4_5301_tpusg,950,19.64,True,1806,success,2756,35173ca2,sg,phi4,3517_tpusg,True,8.19,phi4_tpusg_P
none,phi4_e0fc_tpusg,950,19.64,True,1806,success,2756,35173ca2,sg,phi4,3517_tpusg,True,8.17,phi4_tpusg_P
none,phi4_6f79_tpusg,944,19.49,True,1806,success,2750,07deb9f7,sg,phi4,07de_tpusg,True,8.19,phi4_tpusg_P
none,phi4_ee61_tpusg,944,19.49,True,1806,success,2750,07deb9f7,sg,phi4,07de_tpusg,True,8.17,phi4_tpusg_P
none,phi4_4c6f_tpusg,944,19.74,True,1806,success,2750,2a504aa5,sg,phi4,2a50_tpusg,True,8.19,phi4_tpusg_P
none,phi4_c3a1_tpusg,944,19.74,True,1806,success,2750,2a504aa5,sg,phi4,2a50_tpusg,True,8.17,phi4_tpusg_P
none,phi4_9ba6_tpusg,951,19.61,True,1806,success,2757,beee1e41,sg,phi4,beee_tpusg,True,8.19,phi4_tpusg_P
none,phi4_a0b4_tpusg,951,19.61,True,1806,success,2757,beee1e41,sg,phi4,beee_tpusg,True,8.17,phi4_tpusg_P
none,phi4_4bfb_tpusg,944,19.7,True,1806,success,2750,27ee80d5,sg,phi4,27ee_tpusg,True,8.19,phi4_tpusg_P
none,phi4_3089_tpusg,944,19.7,True,1806,success,2750,27ee80d5,sg,phi4,27ee_tpusg,True,8.17,phi4_tpusg_P
none,phi4_fb31_tpusg,944,19.47,True,1806,success,2750,8469bfdd,sg,phi4,8469_tpusg,True,8.19,phi4_tpusg_P
none,phi4_7cfe_tpusg,944,19.47,True,1806,success,2750,8469bfdd,sg,phi4,8469_tpusg,True,8.17,phi4_tpusg_P
none,phi4_8266_tpusg,944,19.48,True,1806,success,2750,ec219e7c,sg,phi4,ec21_tpusg,True,8.19,phi4_tpusg_P
none,phi4_139e_tpusg,944,19.48,True,1806,success,2750,ec219e7c,sg,phi4,ec21_tpusg,True,8.17,phi4_tpusg_P
none,phi4_307f_tpusg,950,19.56,True,1806,success,2756,ec31ab00,sg,phi4,ec31_tpusg,True,8.19,phi4_tpusg_P
none,phi4_8e52_tpusg,950,19.56,True,1806,success,2756,ec31ab00,sg,phi4,ec31_tpusg,True,8.17,phi4_tpusg_P
none,phi4_b2f3_tpusg,944,19.5,True,1806,success,2750,83ca8eba,sg,phi4,83ca_tpusg,True,8.19,phi4_tpusg_P
none,phi4_95bb_tpusg,944,19.5,True,1806,success,2750,83ca8eba,sg,phi4,83ca_tpusg,True,8.17,phi4_tpusg_P
none,phi4_cc77_tpusg,944,19.47,True,1806,success,2750,43cb2b23,sg,phi4,43cb_tpusg,True,8.19,phi4_tpusg_P
none,phi4_ef4e_tpusg,944,19.47,True,1806,success,2750,43cb2b23,sg,phi4,43cb_tpusg,True,8.17,phi4_tpusg_P
none,phi4_70db_tpusg,951,19.58,True,1806,success,2757,deaa1ec6,sg,phi4,deaa_tpusg,True,8.19,phi4_tpusg_P
none,phi4_877b_tpusg,951,19.58,True,1806,success,2757,deaa1ec6,sg,phi4,deaa_tpusg,True,8.17,phi4_tpusg_P
none,phi4_87c9_tpusg,926,19.1,True,1806,success,2732,c4cdcf88,sg,phi4,c4cd_tpusg,True,8.19,phi4_tpusg_P
none,phi4_8982_tpusg,926,19.1,True,1806,success,2732,c4cdcf88,sg,phi4,c4cd_tpusg,True,8.17,phi4_tpusg_P
none,phi4_cdc6_tpusg,944,19.65,True,1806,success,2750,d318e17d,sg,phi4,d318_tpusg,True,8.19,phi4_tpusg_P
none,phi4_7773_tpusg,944,19.65,True,1806,success,2750,d318e17d,sg,phi4,d318_tpusg,True,8.17,phi4_tpusg_P
none,phi4_2813_tpusg,944,19.57,True,1806,success,2750,d8083a80,sg,phi4,d808_tpusg,True,8.19,phi4_tpusg_P
none,phi4_1b15_tpusg,944,19.57,True,1806,success,2750,d8083a80,sg,phi4,d808_tpusg,True,8.17,phi4_tpusg_P
none,phi4_f6d8_tpusg,950,19.58,True,1806,success,2756,5aeab35f,sg,phi4,5aea_tpusg,True,8.19,phi4_tpusg_P
none,phi4_5b22_tpusg,950,19.58,True,1806,success,2756,5aeab35f,sg,phi4,5aea_tpusg,True,8.17,phi4_tpusg_P
none,phi4_84d0_tpusg,926,19.12,True,1806,success,2732,f983f417,sg,phi4,f983_tpusg,True,8.19,phi4_tpusg_P
none,phi4_e058_tpusg,926,19.12,True,1806,success,2732,f983f417,sg,phi4,f983_tpusg,True,8.17,phi4_tpusg_P
none,phi4_e4e9_tpusg,944,19.5,True,1806,success,2750,cc264bd0,sg,phi4,cc26_tpusg,True,8.19,phi4_tpusg_P
none,phi4_a2b9_tpusg,944,19.5,True,1806,success,2750,cc264bd0,sg,phi4,cc26_tpusg,True,8.17,phi4_tpusg_P
none,phi4_b943_tpusg,944,19.47,True,1806,success,2750,5dbb99ce,sg,phi4,5dbb_tpusg,True,8.19,phi4_tpusg_P
none,phi4_3323_tpusg,944,19.47,True,1806,success,2750,5dbb99ce,sg,phi4,5dbb_tpusg,True,8.17,phi4_tpusg_P
none,phi4_58f1_tpusg,950,19.58,True,1806,success,2756,7c232810,sg,phi4,7c23_tpusg,True,8.19,phi4_tpusg_P
none,phi4_1dd0_tpusg,950,19.58,True,1806,success,2756,7c232810,sg,phi4,7c23_tpusg,True,8.17,phi4_tpusg_P
none,phi4_67e8_tpusg,926,19.12,True,1806,success,2732,9ce589f7,sg,phi4,9ce5_tpusg,True,8.19,phi4_tpusg_P
none,phi4_6638_tpusg,926,19.12,True,1806,success,2732,9ce589f7,sg,phi4,9ce5_tpusg,True,8.17,phi4_tpusg_P
none,phi4_5c7b_tpusg,944,19.46,True,1806,success,2750,e5d98b13,sg,phi4,e5d9_tpusg,True,8.19,phi4_tpusg_P
none,phi4_25b8_tpusg,944,19.46,True,1806,success,2750,e5d98b13,sg,phi4,e5d9_tpusg,True,8.17,phi4_tpusg_P
none,phi4_540b_tpusg,951,19.58,True,1806,success,2757,40d16255,sg,phi4,40d1_tpusg,True,8.19,phi4_tpusg_P
none,phi4_9398_tpusg,951,19.58,True,1806,success,2757,40d16255,sg,phi4,40d1_tpusg,True,8.17,phi4_tpusg_P
none,phi4_c26f_tpusg,948,42.92,True,1806,success,2754,b0500f27,sg,phi4,b050_tpusg,True,8.1,phi4_tpusg_P
none,phi4_c26f_tpusg,944,14.25,True,1806,success,2750,914a2719,sg,phi4,914a_tpusg,True,8.1,phi4_tpusg_P
none,phi4_c26f_tpusg,926,14.0,True,1806,success,2732,89cf62a6,sg,phi4,89cf_tpusg,True,8.1,phi4_tpusg_P
none,phi4_c26f_tpusg,944,14.24,True,1806,success,2750,4f5a4f4f,sg,phi4,4f5a_tpusg,True,8.1,phi4_tpusg_P
none,phi4_c26f_tpusg,944,14.24,True,1806,success,2750,55bbb60a,sg,phi4,55bb_tpusg,True,8.1,phi4_tpusg_P
none,phi4_c26f_tpusg,944,14.23,True,1806,success,2750,42a17d06,sg,phi4,42a1_tpusg,True,8.1,phi4_tpusg_P
none,phi4_c26f_tpusg,943,14.24,True,1806,success,2749,4a914b33,sg,phi4,4a91_tpusg,True,8.1,phi4_tpusg_P
none,phi4_c26f_tpusg,950,14.33,True,1806,success,2756,f9f5160d,sg,phi4,f9f5_tpusg,True,8.1,phi4_tpusg_P
none,phi4_c26f_tpusg,950,14.31,True,1806,success,2756,b995e50a,sg,phi4,b995_tpusg,True,8.1,phi4_tpusg_P
none,phi4_c26f_tpusg,944,14.25,True,1806,success,2750,1dcd201c,sg,phi4,1dcd_tpusg,True,8.1,phi4_tpusg_P
none,phi4_c26f_tpusg,948,14.3,True,1806,success,2754,79f0c82e,sg,phi4,79f0_tpusg,True,8.1,phi4_tpusg_P
none,phi4_c26f_tpusg,926,13.99,True,1806,success,2732,06810b68,sg,phi4,0681_tpusg,True,8.1,phi4_tpusg_P
none,phi4_c26f_tpusg,944,14.54,True,1806,success,2750,df93345b,sg,phi4,df93_tpusg,True,8.1,phi4_tpusg_P
none,phi4_c26f_tpusg,950,14.39,True,1806,success,2756,e63ab647,sg,phi4,e63a_tpusg,True,8.1,phi4_tpusg_P
none,phi4_c26f_tpusg,944,14.22,True,1806,success,2750,0d3c4dbc,sg,phi4,0d3c_tpusg,True,8.1,phi4_tpusg_P
none,phi4_c26f_tpusg,948,14.3,True,1806,success,2754,3aef7466,sg,phi4,3aef_tpusg,True,8.1,phi4_tpusg_P
none,phi4_c26f_tpusg,944,14.23,True,1806,success,2750,def6b8e6,sg,phi4,def6_tpusg,True,8.1,phi4_tpusg_P
none,phi4_c26f_tpusg,944,14.26,True,1806,success,2750,5237fc06,sg,phi4,5237_tpusg,True,8.1,phi4_tpusg_P
none,phi4_c26f_tpusg,950,14.33,True,1806,success,2756,cdfd524e,sg,phi4,cdfd_tpusg,True,8.1,phi4_tpusg_P
none,phi4_c26f_tpusg,944,14.23,True,1806,success,2750,d5c407fa,sg,phi4,d5c4_tpusg,True,8.1,phi4_tpusg_P
none,phi4_c26f_tpusg,950,14.33,True,1806,success,2756,a472014d,sg,phi4,a472_tpusg,True,8.1,phi4_tpusg_P
none,phi4_c26f_tpusg,950,14.31,True,1806,success,2756,08184e66,sg,phi4,0818_tpusg,True,8.1,phi4_tpusg_P
none,phi4_c26f_tpusg,948,14.3,True,1806,success,2754,e1ebb966,sg,phi4,e1eb_tpusg,True,8.1,phi4_tpusg_P
none,phi4_c26f_tpusg,948,14.31,True,1806,success,2754,d6b8dbd1,sg,phi4,d6b8_tpusg,True,8.1,phi4_tpusg_P
none,phi4_c26f_tpusg,926,13.99,True,1806,success,2732,1216c207,sg,phi4,1216_tpusg,True,8.1,phi4_tpusg_P
none,phi4_c26f_tpusg,948,14.58,True,1806,success,2754,7c98874d,sg,phi4,7c98_tpusg,True,8.1,phi4_tpusg_P
none,phi4_c26f_tpusg,944,14.23,True,1806,success,2750,e33f16c1,sg,phi4,e33f_tpusg,True,8.1,phi4_tpusg_P
none,phi4_c26f_tpusg,926,13.99,True,1806,success,2732,c50e13ef,sg,phi4,c50e_tpusg,True,8.1,phi4_tpusg_P
none,phi4_c26f_tpusg,944,14.25,True,1806,success,2750,c390bcf0,sg,phi4,c390_tpusg,True,8.1,phi4_tpusg_P
none,phi4_c26f_tpusg,943,14.29,True,1806,success,2749,0a9fc2a6,sg,phi4,0a9f_tpusg,True,8.1,phi4_tpusg_P
none,qwen2.5-coder:14b_3193_psg,2202,40.39,True,9810,failure,12012,7a96e43e,sg,q14,7a96_pysg,True,8.04,qwen2.5-coder:14b_psg_P
none,qwen2.5-coder:14b_3193_psg,1709,31.3,True,7762,success,9471,2b4f135e,sg,q14,2b4f_pysg,True,8.04,qwen2.5-coder:14b_psg_P
none,qwen2.5-coder:14b_3193_psg,2081,38.28,True,9810,failure,11891,77452be8,sg,q14,7745_pysg,True,8.04,qwen2.5-coder:14b_psg_P
none,qwen2.5-coder:14b_3193_psg,2080,38.27,True,9810,failure,11890,584541fa,sg,q14,5845_pysg,True,8.04,qwen2.5-coder:14b_psg_P
none,qwen2.5-coder:14b_3193_psg,2382,43.19,True,9810,failure,12192,21eec276,sg,q14,21ee_pysg,True,8.04,qwen2.5-coder:14b_psg_P
none,qwen2.5-coder:14b_3193_psg,2394,43.58,True,9810,failure,12204,9a3b1ed7,sg,q14,9a3b_pysg,True,8.04,qwen2.5-coder:14b_psg_P
none,qwen2.5-coder:14b_3193_psg,2329,42.3,True,9810,failure,12139,eebc8faf,sg,q14,eebc_pysg,True,8.04,qwen2.5-coder:14b_psg_P
none,qwen2.5-coder:14b_3193_psg,2426,43.89,True,9810,failure,12236,eb37753f,sg,q14,eb37_pysg,True,8.04,qwen2.5-coder:14b_psg_P
none,qwen2.5-coder:14b_3193_psg,2415,43.7,True,9810,failure,12225,5dded2c5,sg,q14,5dde_pysg,True,8.04,qwen2.5-coder:14b_psg_P
none,qwen2.5-coder:14b_3193_psg,2311,42.01,True,9810,failure,12121,e03d5b0f,sg,q14,e03d_pysg,True,8.04,qwen2.5-coder:14b_psg_P
none,qwen2.5-coder:14b_3193_psg,2305,41.9,True,9810,failure,12115,96e22fe8,sg,q14,96e2_pysg,True,8.04,qwen2.5-coder:14b_psg_P
none,qwen2.5-coder:14b_3193_psg,2395,43.65,True,9810,failure,12205,280b2f12,sg,q14,280b_pysg,True,8.04,qwen2.5-coder:14b_psg_P
none,qwen2.5-coder:14b_3193_psg,2598,46.72,True,9810,failure,12408,453e0048,sg,q14,453e_pysg,True,8.04,qwen2.5-coder:14b_psg_P
none,qwen2.5-coder:14b_3193_psg,2254,41.13,True,9810,failure,12064,7dff43c7,sg,q14,7dff_pysg,True,8.04,qwen2.5-coder:14b_psg_P
none,qwen2.5-coder:14b_3193_psg,2453,44.34,True,9810,failure,12263,20577f43,sg,q14,2057_pysg,True,8.04,qwen2.5-coder:14b_psg_P
none,qwen2.5-coder:14b_3193_psg,2316,42.13,True,9810,failure,12126,eaed904f,sg,q14,eaed_pysg,True,8.04,qwen2.5-coder:14b_psg_P
none,qwen2.5-coder:14b_3193_psg,2024,37.35,True,9810,failure,11834,ab133e25,sg,q14,ab13_pysg,True,8.04,qwen2.5-coder:14b_psg_P
none,qwen2.5-coder:14b_3193_psg,2241,41.05,True,9810,failure,12051,ed02b0bc,sg,q14,ed02_pysg,True,8.04,qwen2.5-coder:14b_psg_P
none,qwen2.5-coder:14b_3193_psg,2081,38.27,True,9810,failure,11891,2e745cf7,sg,q14,2e74_pysg,True,8.04,qwen2.5-coder:14b_psg_P
none,qwen2.5-coder:14b_3193_psg,2231,40.73,True,9810,failure,12041,d12962b2,sg,q14,d129_pysg,True,8.04,qwen2.5-coder:14b_psg_P
none,qwen2.5-coder:14b_3193_psg,2253,41.08,True,9810,failure,12063,4504e284,sg,q14,4504_pysg,True,8.04,qwen2.5-coder:14b_psg_P
none,qwen2.5-coder:14b_3193_psg,2416,43.71,True,9810,failure,12226,f6ca2a5c,sg,q14,f6ca_pysg,True,8.04,qwen2.5-coder:14b_psg_P
none,qwen2.5-coder:14b_3193_psg,2490,44.91,True,9810,failure,12300,afaa5f2e,sg,q14,afaa_pysg,True,8.04,qwen2.5-coder:14b_psg_P
none,qwen2.5-coder:14b_3193_psg,2253,41.06,True,9810,failure,12063,be96baeb,sg,q14,be96_pysg,True,8.04,qwen2.5-coder:14b_psg_P
none,qwen2.5-coder:14b_3193_psg,2139,39.21,True,9810,failure,11949,e37ca16c,sg,q14,e37c_pysg,True,8.04,qwen2.5-coder:14b_psg_P
none,qwen2.5-coder:14b_3193_psg,2268,41.31,True,9810,failure,12078,e01c7f68,sg,q14,e01c_pysg,True,8.04,qwen2.5-coder:14b_psg_P
none,qwen2.5-coder:14b_3193_psg,2024,37.33,True,9810,failure,11834,4f6fc28d,sg,q14,4f6f_pysg,True,8.04,qwen2.5-coder:14b_psg_P
none,qwen2.5-coder:14b_3193_psg,1054,18.82,True,3666,success,4720,d355b5db,sg,q14,d355_pysg,True,8.04,qwen2.5-coder:14b_psg_P
none,qwen2.5-coder:14b_3193_psg,2294,41.75,True,9810,failure,12104,968364a1,sg,q14,9683_pysg,True,8.04,qwen2.5-coder:14b_psg_P
none,qwen2.5-coder:14b_3193_psg,2444,44.2,True,9810,failure,12254,f22f37a9,sg,q14,f22f_pysg,True,8.04,qwen2.5-coder:14b_psg_P
none,qwen2.5-coder:14b_3193_tpusg,776,28.36,True,1833,success,2609,dc4c0d50,sg,q14,dc4c_tpusg,True,8.04,qwen2.5-coder:14b_tpusg_P
none,qwen2.5-coder:14b_3193_tpusg,776,13.57,True,1833,success,2609,490d1cb3,sg,q14,490d_tpusg,True,8.04,qwen2.5-coder:14b_tpusg_P
none,qwen2.5-coder:14b_3193_tpusg,776,13.56,True,1833,success,2609,d28df359,sg,q14,d28d_tpusg,True,8.04,qwen2.5-coder:14b_tpusg_P
none,qwen2.5-coder:14b_3193_tpusg,776,13.57,True,1833,success,2609,79752bf2,sg,q14,7975_tpusg,True,8.04,qwen2.5-coder:14b_tpusg_P
none,qwen2.5-coder:14b_3193_tpusg,776,13.58,True,1833,success,2609,55676bc7,sg,q14,5567_tpusg,True,8.04,qwen2.5-coder:14b_tpusg_P
none,qwen2.5-coder:14b_3193_tpusg,776,13.55,True,1833,success,2609,f26d689b,sg,q14,f26d_tpusg,True,8.04,qwen2.5-coder:14b_tpusg_P
none,qwen2.5-coder:14b_3193_tpusg,776,13.57,True,1833,success,2609,be874760,sg,q14,be87_tpusg,True,8.04,qwen2.5-coder:14b_tpusg_P
none,qwen2.5-coder:14b_3193_tpusg,776,13.6,True,1833,success,2609,4a8845c8,sg,q14,4a88_tpusg,True,8.04,qwen2.5-coder:14b_tpusg_P
none,qwen2.5-coder:14b_3193_tpusg,776,13.56,True,1833,success,2609,8e6e2e61,sg,q14,8e6e_tpusg,True,8.04,qwen2.5-coder:14b_tpusg_P
none,qwen2.5-coder:14b_3193_tpusg,776,13.6,True,1833,success,2609,50de80f5,sg,q14,50de_tpusg,True,8.04,qwen2.5-coder:14b_tpusg_P
none,qwen2.5-coder:14b_3193_tpusg,776,13.55,True,1833,success,2609,8315f89e,sg,q14,8315_tpusg,True,8.04,qwen2.5-coder:14b_tpusg_P
none,qwen2.5-coder:14b_3193_tpusg,776,13.62,True,1833,success,2609,7896860c,sg,q14,7896_tpusg,True,8.04,qwen2.5-coder:14b_tpusg_P
none,qwen2.5-coder:14b_3193_tpusg,776,13.6,True,1833,success,2609,d121379b,sg,q14,d121_tpusg,True,8.04,qwen2.5-coder:14b_tpusg_P
none,qwen2.5-coder:14b_3193_tpusg,776,13.6,True,1833,success,2609,63de08e3,sg,q14,63de_tpusg,True,8.04,qwen2.5-coder:14b_tpusg_P
none,qwen2.5-coder:14b_3193_tpusg,776,13.56,True,1833,success,2609,0928b150,sg,q14,0928_tpusg,True,8.04,qwen2.5-coder:14b_tpusg_P
none,qwen2.5-coder:14b_3193_tpusg,776,13.56,True,1833,success,2609,ae70bb78,sg,q14,ae70_tpusg,True,8.04,qwen2.5-coder:14b_tpusg_P
none,qwen2.5-coder:14b_3193_tpusg,776,13.57,True,1833,success,2609,4e4e0238,sg,q14,4e4e_tpusg,True,8.04,qwen2.5-coder:14b_tpusg_P
none,qwen2.5-coder:14b_3193_tpusg,776,13.59,True,1833,success,2609,7c26446d,sg,q14,7c26_tpusg,True,8.04,qwen2.5-coder:14b_tpusg_P
none,qwen2.5-coder:14b_3193_tpusg,776,13.55,True,1833,success,2609,00a9552c,sg,q14,00a9_tpusg,True,8.04,qwen2.5-coder:14b_tpusg_P
none,qwen2.5-coder:14b_3193_tpusg,776,13.57,True,1833,success,2609,2fb82d82,sg,q14,2fb8_tpusg,True,8.04,qwen2.5-coder:14b_tpusg_P
none,qwen2.5-coder:14b_3193_tpusg,776,13.85,True,1833,success,2609,341562a1,sg,q14,3415_tpusg,True,8.04,qwen2.5-coder:14b_tpusg_P
none,qwen2.5-coder:14b_3193_tpusg,776,13.56,True,1833,success,2609,74872b24,sg,q14,7487_tpusg,True,8.04,qwen2.5-coder:14b_tpusg_P
none,qwen2.5-coder:14b_3193_tpusg,776,13.56,True,1833,success,2609,129bd943,sg,q14,129b_tpusg,True,8.04,qwen2.5-coder:14b_tpusg_P
none,qwen2.5-coder:14b_3193_tpusg,776,13.55,True,1833,success,2609,5746c4bc,sg,q14,5746_tpusg,True,8.04,qwen2.5-coder:14b_tpusg_P
none,qwen2.5-coder:14b_3193_tpusg,776,13.59,True,1833,success,2609,153be8de,sg,q14,153b_tpusg,True,8.04,qwen2.5-coder:14b_tpusg_P
none,qwen2.5-coder:14b_3193_tpusg,776,13.57,True,1833,success,2609,554d9572,sg,q14,554d_tpusg,True,8.04,qwen2.5-coder:14b_tpusg_P
none,qwen2.5-coder:14b_3193_tpusg,776,13.64,True,1833,success,2609,f30c0ad3,sg,q14,f30c_tpusg,True,8.04,qwen2.5-coder:14b_tpusg_P
none,qwen2.5-coder:14b_3193_tpusg,776,13.57,True,1833,success,2609,305abae9,sg,q14,305a_tpusg,True,8.04,qwen2.5-coder:14b_tpusg_P
none,qwen2.5-coder:14b_3193_tpusg,776,13.55,True,1833,success,2609,3234c1eb,sg,q14,3234_tpusg,True,8.04,qwen2.5-coder:14b_tpusg_P
none,qwen2.5-coder:14b_3193_tpusg,776,13.59,True,1833,success,2609,977aaf7e,sg,q14,977a_tpusg,True,8.04,qwen2.5-coder:14b_tpusg_P
none,qwen2.5-coder:14b_33b8_psg,2383,60.53,True,9810,failure,12193,1d7ffc40,sg,q14,1d7f_pysg,True,8.05,qwen2.5-coder:14b_psg_P
none,qwen2.5-coder:14b_33b8_psg,2333,59.24,True,9810,failure,12143,c4381719,sg,q14,c438_pysg,True,8.05,qwen2.5-coder:14b_psg_P
none,qwen2.5-coder:14b_33b8_psg,2099,53.83,True,9810,failure,11909,7ef4b646,sg,q14,7ef4_pysg,True,8.05,qwen2.5-coder:14b_psg_P
none,qwen2.5-coder:14b_33b8_psg,2480,62.33,True,9810,failure,12290,de343673,sg,q14,de34_pysg,True,8.05,qwen2.5-coder:14b_psg_P
none,qwen2.5-coder:14b_33b8_psg,2099,54.0,True,9810,failure,11909,87537224,sg,q14,8753_pysg,True,8.05,qwen2.5-coder:14b_psg_P
none,qwen2.5-coder:14b_33b8_psg,2562,64.36,True,9810,failure,12372,2b7d3bfb,sg,q14,2b7d_pysg,True,8.05,qwen2.5-coder:14b_psg_P
none,qwen2.5-coder:14b_33b8_psg,2312,58.72,True,9810,failure,12122,ac081785,sg,q14,ac08_pysg,True,8.05,qwen2.5-coder:14b_psg_P
none,qwen2.5-coder:14b_33b8_psg,2024,52.29,True,9810,failure,11834,1e5197c7,sg,q14,1e51_pysg,True,8.05,qwen2.5-coder:14b_psg_P
none,qwen2.5-coder:14b_33b8_psg,2265,57.72,True,9810,failure,12075,de608bb4,sg,q14,de60_pysg,True,8.05,qwen2.5-coder:14b_psg_P
none,qwen2.5-coder:14b_33b8_psg,2096,53.93,True,9810,failure,11906,e5084e38,sg,q14,e508_pysg,True,8.05,qwen2.5-coder:14b_psg_P
none,qwen2.5-coder:14b_33b8_psg,2303,58.85,True,9810,failure,12113,b6749b5d,sg,q14,b674_pysg,True,8.05,qwen2.5-coder:14b_psg_P
none,qwen2.5-coder:14b_33b8_psg,2138,54.89,True,9810,failure,11948,9eb04ab3,sg,q14,9eb0_pysg,True,8.05,qwen2.5-coder:14b_psg_P
none,qwen2.5-coder:14b_33b8_psg,2439,61.41,True,9810,failure,12249,103ccf08,sg,q14,103c_pysg,True,8.05,qwen2.5-coder:14b_psg_P
none,qwen2.5-coder:14b_33b8_psg,2549,63.96,True,9810,failure,12359,bb2909d7,sg,q14,bb29_pysg,True,8.05,qwen2.5-coder:14b_psg_P
none,qwen2.5-coder:14b_33b8_psg,2062,53.15,True,9810,failure,11872,94d7a9ad,sg,q14,94d7_pysg,True,8.05,qwen2.5-coder:14b_psg_P
none,qwen2.5-coder:14b_33b8_psg,2083,53.6,True,9810,failure,11893,b9a4af1e,sg,q14,b9a4_pysg,True,8.05,qwen2.5-coder:14b_psg_P
none,qwen2.5-coder:14b_33b8_psg,2429,61.35,True,9810,failure,12239,2f0890eb,sg,q14,2f08_pysg,True,8.05,qwen2.5-coder:14b_psg_P
none,qwen2.5-coder:14b_33b8_psg,2069,53.3,True,9810,failure,11879,044ed1ab,sg,q14,044e_pysg,True,8.05,qwen2.5-coder:14b_psg_P
none,qwen2.5-coder:14b_33b8_psg,2121,54.48,True,9810,failure,11931,43e29c5a,sg,q14,43e2_pysg,True,8.05,qwen2.5-coder:14b_psg_P
none,qwen2.5-coder:14b_33b8_psg,2126,54.59,True,9810,failure,11936,0235ef10,sg,q14,0235_pysg,True,8.05,qwen2.5-coder:14b_psg_P
none,qwen2.5-coder:14b_33b8_psg,2123,54.52,True,9810,failure,11933,33c86b2f,sg,q14,33c8_pysg,True,8.05,qwen2.5-coder:14b_psg_P
none,qwen2.5-coder:14b_33b8_psg,2254,57.52,True,9810,failure,12064,818813a2,sg,q14,8188_pysg,True,8.05,qwen2.5-coder:14b_psg_P
none,qwen2.5-coder:14b_33b8_psg,2246,57.3,True,9810,failure,12056,bd39e315,sg,q14,bd39_pysg,True,8.05,qwen2.5-coder:14b_psg_P
none,qwen2.5-coder:14b_33b8_psg,2617,65.62,True,9810,failure,12427,3d79e085,sg,q14,3d79_pysg,True,8.05,qwen2.5-coder:14b_psg_P
none,qwen2.5-coder:14b_33b8_psg,2123,54.69,True,9810,failure,11933,96d74da5,sg,q14,96d7_pysg,True,8.05,qwen2.5-coder:14b_psg_P
none,qwen2.5-coder:14b_33b8_psg,2335,59.4,True,9810,failure,12145,1b74cfed,sg,q14,1b74_pysg,True,8.05,qwen2.5-coder:14b_psg_P
none,qwen2.5-coder:14b_33b8_psg,2097,54.09,True,9810,failure,11907,d9922ebe,sg,q14,d992_pysg,True,8.05,qwen2.5-coder:14b_psg_P
none,qwen2.5-coder:14b_33b8_psg,2095,53.89,True,9810,failure,11905,9985c2e7,sg,q14,9985_pysg,True,8.05,qwen2.5-coder:14b_psg_P
none,qwen2.5-coder:14b_33b8_psg,2273,57.81,True,9810,failure,12083,d3b35905,sg,q14,d3b3_pysg,True,8.05,qwen2.5-coder:14b_psg_P
none,qwen2.5-coder:14b_33b8_psg,2018,52.23,True,9810,failure,11828,c560624e,sg,q14,c560_pysg,True,8.05,qwen2.5-coder:14b_psg_P
none,qwen2.5-coder:14b_33b8_tpusg,818,33.07,True,1833,success,2651,08f6867d,sg,q14,08f6_tpusg,True,8.05,qwen2.5-coder:14b_tpusg_P
none,qwen2.5-coder:14b_33b8_tpusg,822,19.84,True,1833,success,2655,6a8ff265,sg,q14,6a8f_tpusg,True,8.05,qwen2.5-coder:14b_tpusg_P
none,qwen2.5-coder:14b_33b8_tpusg,822,19.86,True,1833,success,2655,c6707148,sg,q14,c670_tpusg,True,8.05,qwen2.5-coder:14b_tpusg_P
none,qwen2.5-coder:14b_33b8_tpusg,822,19.86,True,1833,success,2655,531d735d,sg,q14,531d_tpusg,True,8.05,qwen2.5-coder:14b_tpusg_P
none,qwen2.5-coder:14b_33b8_tpusg,822,19.89,True,1833,success,2655,fcde64c7,sg,q14,fcde_tpusg,True,8.05,qwen2.5-coder:14b_tpusg_P
none,qwen2.5-coder:14b_33b8_tpusg,822,19.82,True,1833,success,2655,ffbfd850,sg,q14,ffbf_tpusg,True,8.05,qwen2.5-coder:14b_tpusg_P
none,qwen2.5-coder:14b_33b8_tpusg,822,19.75,True,1833,success,2655,84c5afdf,sg,q14,84c5_tpusg,True,8.05,qwen2.5-coder:14b_tpusg_P
none,qwen2.5-coder:14b_33b8_tpusg,822,19.87,True,1833,success,2655,69a2013d,sg,q14,69a2_tpusg,True,8.05,qwen2.5-coder:14b_tpusg_P
none,qwen2.5-coder:14b_33b8_tpusg,822,20.03,True,1833,success,2655,b281b1d4,sg,q14,b281_tpusg,True,8.05,qwen2.5-coder:14b_tpusg_P
none,qwen2.5-coder:14b_33b8_tpusg,822,20.05,True,1833,success,2655,42e6c370,sg,q14,42e6_tpusg,True,8.05,qwen2.5-coder:14b_tpusg_P
none,qwen2.5-coder:14b_33b8_tpusg,822,20.0,True,1833,success,2655,9b79f579,sg,q14,9b79_tpusg,True,8.05,qwen2.5-coder:14b_tpusg_P
none,qwen2.5-coder:14b_33b8_tpusg,822,19.83,True,1833,success,2655,32cdb97a,sg,q14,32cd_tpusg,True,8.05,qwen2.5-coder:14b_tpusg_P
none,qwen2.5-coder:14b_33b8_tpusg,822,19.97,True,1833,success,2655,da755f1f,sg,q14,da75_tpusg,True,8.05,qwen2.5-coder:14b_tpusg_P
none,qwen2.5-coder:14b_33b8_tpusg,822,19.92,True,1833,success,2655,c08e00af,sg,q14,c08e_tpusg,True,8.05,qwen2.5-coder:14b_tpusg_P
none,qwen2.5-coder:14b_33b8_tpusg,822,19.84,True,1833,success,2655,d6ee7370,sg,q14,d6ee_tpusg,True,8.05,qwen2.5-coder:14b_tpusg_P
none,qwen2.5-coder:14b_33b8_tpusg,822,19.9,True,1833,success,2655,85f8e925,sg,q14,85f8_tpusg,True,8.05,qwen2.5-coder:14b_tpusg_P
none,qwen2.5-coder:14b_33b8_tpusg,822,19.86,True,1833,success,2655,66babae1,sg,q14,66ba_tpusg,True,8.05,qwen2.5-coder:14b_tpusg_P
none,qwen2.5-coder:14b_33b8_tpusg,822,19.89,True,1833,success,2655,a2dda3a3,sg,q14,a2dd_tpusg,True,8.05,qwen2.5-coder:14b_tpusg_P
none,qwen2.5-coder:14b_33b8_tpusg,822,19.85,True,1833,success,2655,67810fa6,sg,q14,6781_tpusg,True,8.05,qwen2.5-coder:14b_tpusg_P
none,qwen2.5-coder:14b_33b8_tpusg,822,20.02,True,1833,success,2655,2e334ce4,sg,q14,2e33_tpusg,True,8.05,qwen2.5-coder:14b_tpusg_P
none,qwen2.5-coder:14b_33b8_tpusg,822,20.23,True,1833,success,2655,952705f8,sg,q14,9527_tpusg,True,8.05,qwen2.5-coder:14b_tpusg_P
none,qwen2.5-coder:14b_33b8_tpusg,822,19.89,True,1833,success,2655,fd909307,sg,q14,fd90_tpusg,True,8.05,qwen2.5-coder:14b_tpusg_P
none,qwen2.5-coder:14b_33b8_tpusg,822,19.85,True,1833,success,2655,f8c03600,sg,q14,f8c0_tpusg,True,8.05,qwen2.5-coder:14b_tpusg_P
none,qwen2.5-coder:14b_33b8_tpusg,822,20.04,True,1833,success,2655,af260d63,sg,q14,af26_tpusg,True,8.05,qwen2.5-coder:14b_tpusg_P
none,qwen2.5-coder:14b_33b8_tpusg,822,20.12,True,1833,success,2655,dfea1402,sg,q14,dfea_tpusg,True,8.05,qwen2.5-coder:14b_tpusg_P
none,qwen2.5-coder:14b_33b8_tpusg,822,20.09,True,1833,success,2655,c2b66016,sg,q14,c2b6_tpusg,True,8.05,qwen2.5-coder:14b_tpusg_P
none,qwen2.5-coder:14b_33b8_tpusg,822,20.08,True,1833,success,2655,c6fb7f73,sg,q14,c6fb_tpusg,True,8.05,qwen2.5-coder:14b_tpusg_P
none,qwen2.5-coder:14b_33b8_tpusg,822,19.9,True,1833,success,2655,bfd9f307,sg,q14,bfd9_tpusg,True,8.05,qwen2.5-coder:14b_tpusg_P
none,qwen2.5-coder:14b_33b8_tpusg,822,19.78,True,1833,success,2655,08410ee5,sg,q14,0841_tpusg,True,8.05,qwen2.5-coder:14b_tpusg_P
none,qwen2.5-coder:14b_33b8_tpusg,822,19.87,True,1833,success,2655,ea1c43bd,sg,q14,ea1c_tpusg,True,8.05,qwen2.5-coder:14b_tpusg_P
none,qwen2.5-coder:14b_4b1a_tpusg,801,50.79,False,1833,success,2634,4b197f07,sg,q14,4b19_tpusg,False,8.25,qwen2.5-coder:14b_tpusg_NP
none,qwen2.5-coder:14b_4b1a_tpusg,768,13.09,False,1833,success,2601,17309ed8,sg,q14,1730_tpusg,False,8.25,qwen2.5-coder:14b_tpusg_NP
none,qwen2.5-coder:14b_5d09_psg,603,10.37,False,1618,success,2221,10f69a5b,sg,q14,10f6_pysg,False,8.21,qwen2.5-coder:14b_psg_NP
none,qwen2.5-coder:14b_5d09_psg,3638,61.84,False,9810,failure,13448,bf008d3c,sg,q14,bf00_pysg,False,8.21,qwen2.5-coder:14b_psg_NP
none,qwen2.5-coder:14b_5d09_psg,1911,32.77,False,5714,success,7625,d099b45b,sg,q14,d099_pysg,False,8.21,qwen2.5-coder:14b_psg_NP
none,qwen2.5-coder:14b_5d09_psg,1608,27.07,False,3666,success,5274,2a015e14,sg,q14,2a01_pysg,False,8.21,qwen2.5-coder:14b_psg_NP
none,qwen2.5-coder:14b_5d09_psg,2164,36.75,False,5714,success,7878,5d4a9c17,sg,q14,5d4a_pysg,False,8.21,qwen2.5-coder:14b_psg_NP
none,qwen2.5-coder:14b_5d09_psg,1375,23.39,False,3666,success,5041,6403563e,sg,q14,6403_pysg,False,8.21,qwen2.5-coder:14b_psg_NP
none,qwen2.5-coder:14b_5d09_psg,1973,33.78,False,5714,success,7687,7ceea992,sg,q14,7cee_pysg,False,8.21,qwen2.5-coder:14b_psg_NP
none,qwen2.5-coder:14b_5d09_psg,4494,75.38,False,9810,failure,14304,dbcfd172,sg,q14,dbcf_pysg,False,8.21,qwen2.5-coder:14b_psg_NP
none,qwen2.5-coder:14b_5d09_psg,2253,38.19,False,5714,success,7967,bdc7ad6b,sg,q14,bdc7_pysg,False,8.21,qwen2.5-coder:14b_psg_NP
none,qwen2.5-coder:14b_5d09_psg,3692,62.73,False,9810,failure,13502,2ddc1584,sg,q14,2ddc_pysg,False,8.21,qwen2.5-coder:14b_psg_NP
none,qwen2.5-coder:14b_5d09_psg,3500,59.65,False,9810,failure,13310,9644cb3e,sg,q14,9644_pysg,False,8.21,qwen2.5-coder:14b_psg_NP
none,qwen2.5-coder:14b_5d09_psg,1525,25.74,False,3666,success,5191,9dec1c23,sg,q14,9dec_pysg,False,8.21,qwen2.5-coder:14b_psg_NP
none,qwen2.5-coder:14b_5d09_psg,3944,66.6,False,9594,failure,13538,8b464c13,sg,q14,8b46_pysg,False,8.21,qwen2.5-coder:14b_psg_NP
none,qwen2.5-coder:14b_5d09_psg,627,10.67,False,1618,success,2245,ad2e792d,sg,q14,ad2e_pysg,False,8.21,qwen2.5-coder:14b_psg_NP
none,qwen2.5-coder:14b_5d09_psg,4423,74.24,False,9810,failure,14233,a50d4d56,sg,q14,a50d_pysg,False,8.21,qwen2.5-coder:14b_psg_NP
none,qwen2.5-coder:14b_5d09_psg,708,11.96,False,1618,success,2326,5cb88416,sg,q14,5cb8_pysg,False,8.21,qwen2.5-coder:14b_psg_NP
none,qwen2.5-coder:14b_5d09_psg,2990,50.74,False,7762,success,10752,07e1fa28,sg,q14,07e1_pysg,False,8.21,qwen2.5-coder:14b_psg_NP
none,qwen2.5-coder:14b_5d09_psg,4273,71.68,False,9810,failure,14083,bd5a2bb3,sg,q14,bd5a_pysg,False,8.21,qwen2.5-coder:14b_psg_NP
none,qwen2.5-coder:14b_5d09_psg,3718,63.22,False,9810,failure,13528,2e970f83,sg,q14,2e97_pysg,False,8.21,qwen2.5-coder:14b_psg_NP
none,qwen2.5-coder:14b_5d09_psg,3837,64.98,False,9810,failure,13647,18217e5e,sg,q14,1821_pysg,False,8.21,qwen2.5-coder:14b_psg_NP
none,qwen2.5-coder:14b_5d09_psg,773,12.97,False,1618,success,2391,b1376243,sg,q14,b137_pysg,False,8.21,qwen2.5-coder:14b_psg_NP
none,qwen2.5-coder:14b_5d09_psg,1400,23.77,False,3666,success,5066,e83fac0f,sg,q14,e83f_pysg,False,8.21,qwen2.5-coder:14b_psg_NP
none,qwen2.5-coder:14b_5d09_psg,4180,70.4,False,9810,failure,13990,2743af63,sg,q14,2743_pysg,False,8.21,qwen2.5-coder:14b_psg_NP
none,qwen2.5-coder:14b_5d09_psg,3731,63.3,False,9810,failure,13541,21a43534,sg,q14,21a4_pysg,False,8.21,qwen2.5-coder:14b_psg_NP
none,qwen2.5-coder:14b_5d09_psg,4167,70.25,False,9810,failure,13977,dc22bf99,sg,q14,dc22_pysg,False,8.21,qwen2.5-coder:14b_psg_NP
none,qwen2.5-coder:14b_5d09_psg,1645,27.67,False,3666,success,5311,1d2c0388,sg,q14,1d2c_pysg,False,8.21,qwen2.5-coder:14b_psg_NP
none,qwen2.5-coder:14b_5d09_psg,3808,64.55,False,9810,failure,13618,e2498250,sg,q14,e249_pysg,False,8.21,qwen2.5-coder:14b_psg_NP
none,qwen2.5-coder:14b_5d09_psg,3650,62.16,False,9810,failure,13460,7c28e141,sg,q14,7c28_pysg,False,8.21,qwen2.5-coder:14b_psg_NP
none,qwen2.5-coder:14b_5d09_psg,1628,27.43,False,3666,success,5294,f676f8cd,sg,q14,f676_pysg,False,8.21,qwen2.5-coder:14b_psg_NP
none,qwen2.5-coder:14b_5d09_psg,1971,33.72,False,5714,success,7685,d8b4dfaa,sg,q14,d8b4_pysg,False,8.21,qwen2.5-coder:14b_psg_NP
none,qwen2.5-coder:14b_5d09_tpusg,839,14.35,False,1833,success,2672,5e4b14e6,sg,q14,5e4b_tpusg,False,8.21,qwen2.5-coder:14b_tpusg_NP
none,qwen2.5-coder:14b_5d09_tpusg,810,13.73,False,1833,success,2643,5505bc06,sg,q14,5505_tpusg,False,8.21,qwen2.5-coder:14b_tpusg_NP
none,qwen2.5-coder:14b_5d09_tpusg,1635,27.68,False,3881,success,5516,e729077b,sg,q14,e729_tpusg,False,8.21,qwen2.5-coder:14b_tpusg_NP
none,qwen2.5-coder:14b_5d09_tpusg,786,13.35,False,1833,success,2619,fb6d1e0c,sg,q14,fb6d_tpusg,False,8.21,qwen2.5-coder:14b_tpusg_NP
none,qwen2.5-coder:14b_5d09_tpusg,874,14.74,False,1833,success,2707,1373e76a,sg,q14,1373_tpusg,False,8.21,qwen2.5-coder:14b_tpusg_NP
none,qwen2.5-coder:14b_5d09_tpusg,782,13.3,False,1833,success,2615,58f2b702,sg,q14,58f2_tpusg,False,8.21,qwen2.5-coder:14b_tpusg_NP
none,qwen2.5-coder:14b_5d09_tpusg,4939,82.72,False,10025,success,14964,f8843675,sg,q14,f884_tpusg,False,8.21,qwen2.5-coder:14b_tpusg_NP
none,qwen2.5-coder:14b_5d09_tpusg,2708,45.55,False,5929,success,8637,ef5c36a5,sg,q14,ef5c_tpusg,False,8.21,qwen2.5-coder:14b_tpusg_NP
none,qwen2.5-coder:14b_5d09_tpusg,1652,27.97,False,3881,success,5533,b72e8100,sg,q14,b72e_tpusg,False,8.21,qwen2.5-coder:14b_tpusg_NP
none,qwen2.5-coder:14b_5d09_tpusg,889,15.07,False,1833,success,2722,ef606ba7,sg,q14,ef60_tpusg,False,8.21,qwen2.5-coder:14b_tpusg_NP
none,qwen2.5-coder:14b_5d09_tpusg,1785,30.07,False,3881,success,5666,f47c7afe,sg,q14,f47c_tpusg,False,8.21,qwen2.5-coder:14b_tpusg_NP
none,qwen2.5-coder:14b_5d09_tpusg,1666,28.2,False,3881,success,5547,342edfa8,sg,q14,342e_tpusg,False,8.21,qwen2.5-coder:14b_tpusg_NP
none,qwen2.5-coder:14b_5d09_tpusg,1742,29.45,False,3881,success,5623,78140b12,sg,q14,7814_tpusg,False,8.21,qwen2.5-coder:14b_tpusg_NP
none,qwen2.5-coder:14b_5d09_tpusg,771,13.09,False,1833,success,2604,32a68251,sg,q14,32a6_tpusg,False,8.21,qwen2.5-coder:14b_tpusg_NP
none,qwen2.5-coder:14b_5d09_tpusg,867,14.63,False,1833,success,2700,37a9eba9,sg,q14,37a9_tpusg,False,8.21,qwen2.5-coder:14b_tpusg_NP
none,qwen2.5-coder:14b_5d09_tpusg,1672,28.7,False,3881,success,5553,64d7d106,sg,q14,64d7_tpusg,False,8.21,qwen2.5-coder:14b_tpusg_NP
none,qwen2.5-coder:14b_5d09_tpusg,1832,30.89,False,3881,success,5713,f3a3e7b4,sg,q14,f3a3_tpusg,False,8.21,qwen2.5-coder:14b_tpusg_NP
none,qwen2.5-coder:14b_5d09_tpusg,781,13.29,False,1833,success,2614,bfec330f,sg,q14,bfec_tpusg,False,8.21,qwen2.5-coder:14b_tpusg_NP
none,qwen2.5-coder:14b_5d09_tpusg,843,14.24,False,1833,success,2676,80dc9a6a,sg,q14,80dc_tpusg,False,8.21,qwen2.5-coder:14b_tpusg_NP
none,qwen2.5-coder:14b_5d09_tpusg,782,13.3,False,1833,success,2615,3e1d724a,sg,q14,3e1d_tpusg,False,8.21,qwen2.5-coder:14b_tpusg_NP
none,qwen2.5-coder:14b_5d09_tpusg,1839,31.0,False,3881,success,5720,f9734663,sg,q14,f973_tpusg,False,8.21,qwen2.5-coder:14b_tpusg_NP
none,qwen2.5-coder:14b_5d09_tpusg,771,13.11,False,1833,success,2604,66175eb1,sg,q14,6617_tpusg,False,8.21,qwen2.5-coder:14b_tpusg_NP
none,qwen2.5-coder:14b_5d09_tpusg,3236,53.74,False,5929,success,9165,33e5091e,sg,q14,33e5_tpusg,False,8.21,qwen2.5-coder:14b_tpusg_NP
none,qwen2.5-coder:14b_5d09_tpusg,1909,32.13,False,3881,success,5790,354d52fe,sg,q14,354d_tpusg,False,8.21,qwen2.5-coder:14b_tpusg_NP
none,qwen2.5-coder:14b_5d09_tpusg,786,13.34,False,1833,success,2619,5dbb0383,sg,q14,5dbb_tpusg,False,8.21,qwen2.5-coder:14b_tpusg_NP
none,qwen2.5-coder:14b_5d09_tpusg,1722,29.09,False,3881,success,5603,bd25c4d1,sg,q14,bd25_tpusg,False,8.21,qwen2.5-coder:14b_tpusg_NP
none,qwen2.5-coder:14b_5d09_tpusg,2669,44.98,False,5929,success,8598,ddeb0d8c,sg,q14,ddeb_tpusg,False,8.21,qwen2.5-coder:14b_tpusg_NP
none,qwen2.5-coder:14b_5d09_tpusg,750,12.79,False,1833,success,2583,5bae661e,sg,q14,5bae_tpusg,False,8.21,qwen2.5-coder:14b_tpusg_NP
none,qwen2.5-coder:14b_5d09_tpusg,1884,31.62,False,3881,success,5765,bc7ad8d8,sg,q14,bc7a_tpusg,False,8.21,qwen2.5-coder:14b_tpusg_NP
none,qwen2.5-coder:14b_5d09_tpusg,743,12.65,False,1833,success,2576,db154ae7,sg,q14,db15_tpusg,False,8.21,qwen2.5-coder:14b_tpusg_NP
none,qwen2.5-coder:14b_684d_tpusg,829,40.69,False,1833,success,2662,ec43f6b1,sg,q14,ec43_tpusg,False,8.25,qwen2.5-coder:14b_tpusg_NP
none,qwen2.5-coder:14b_684d_tpusg,1839,30.9,False,3881,success,5720,24405748,sg,q14,2440_tpusg,False,8.25,qwen2.5-coder:14b_tpusg_NP
none,qwen2.5-coder:14b_684d_tpusg,907,15.24,False,1833,success,2740,1d8fae77,sg,q14,1d8f_tpusg,False,8.25,qwen2.5-coder:14b_tpusg_NP
none,qwen2.5-coder:14b_684d_tpusg,779,13.26,False,1833,success,2612,2bd80f95,sg,q14,2bd8_tpusg,False,8.25,qwen2.5-coder:14b_tpusg_NP
none,qwen2.5-coder:14b_684d_tpusg,772,13.11,False,1833,success,2605,669ab066,sg,q14,669a_tpusg,False,8.25,qwen2.5-coder:14b_tpusg_NP
none,qwen2.5-coder:14b_684d_tpusg,3873,64.8,False,7977,success,11850,eacf0894,sg,q14,eacf_tpusg,False,8.25,qwen2.5-coder:14b_tpusg_NP
none,qwen2.5-coder:14b_684d_tpusg,842,14.22,False,1833,success,2675,1f81c2be,sg,q14,1f81_tpusg,False,8.25,qwen2.5-coder:14b_tpusg_NP
none,qwen2.5-coder:14b_684d_tpusg,841,14.21,False,1833,success,2674,5ad83ea8,sg,q14,5ad8_tpusg,False,8.25,qwen2.5-coder:14b_tpusg_NP
none,qwen2.5-coder:14b_684d_tpusg,4194,70.89,False,10025,failure,14219,cc78088e,sg,q14,cc78_tpusg,False,8.25,qwen2.5-coder:14b_tpusg_NP
none,qwen2.5-coder:14b_684d_tpusg,881,14.88,False,1833,success,2714,395788bd,sg,q14,3957_tpusg,False,8.25,qwen2.5-coder:14b_tpusg_NP
none,qwen2.5-coder:14b_684d_tpusg,759,13.09,False,1833,failure,2592,1e955725,sg,q14,1e95_tpusg,False,8.25,qwen2.5-coder:14b_tpusg_NP
none,qwen2.5-coder:14b_85a9_psg,2696,67.89,False,9810,failure,12506,208e7ef4,sg,q14,208e_pysg,False,7.28,qwen2.5-coder:14b_psg_NP
none,qwen2.5-coder:14b_85a9_psg,2943,73.14,False,9810,failure,12753,6725cd88,sg,q14,6725_pysg,False,7.28,qwen2.5-coder:14b_psg_NP
none,qwen2.5-coder:14b_85a9_psg,617,15.15,False,1618,success,2235,8a31e009,sg,q14,8a31_pysg,False,7.28,qwen2.5-coder:14b_psg_NP
none,qwen2.5-coder:14b_85a9_psg,1601,40.08,False,5714,success,7315,19d977d5,sg,q14,19d9_pysg,False,7.28,qwen2.5-coder:14b_psg_NP
none,qwen2.5-coder:14b_85a9_psg,2626,66.19,False,9810,failure,12436,34b51525,sg,q14,34b5_pysg,False,7.28,qwen2.5-coder:14b_psg_NP
none,qwen2.5-coder:14b_85a9_psg,2942,72.9,False,9810,failure,12752,ccb99b81,sg,q14,ccb9_pysg,False,7.28,qwen2.5-coder:14b_psg_NP
none,qwen2.5-coder:14b_85a9_psg,2387,60.43,False,9810,success,12197,781e2b13,sg,q14,781e_pysg,False,7.28,qwen2.5-coder:14b_psg_NP
none,qwen2.5-coder:14b_85a9_psg,2736,69.0,False,9810,failure,12546,4e520e59,sg,q14,4e52_pysg,False,7.28,qwen2.5-coder:14b_psg_NP
none,qwen2.5-coder:14b_85a9_psg,2426,62.32,False,9810,failure,12236,41d573c4,sg,q14,41d5_pysg,False,7.28,qwen2.5-coder:14b_psg_NP
none,qwen2.5-coder:14b_85a9_psg,691,16.84,False,1618,success,2309,6cc91b6a,sg,q14,6cc9_pysg,False,7.28,qwen2.5-coder:14b_psg_NP
none,qwen2.5-coder:14b_85a9_psg,2228,57.01,False,9810,failure,12038,2e0775e0,sg,q14,2e07_pysg,False,7.28,qwen2.5-coder:14b_psg_NP
none,qwen2.5-coder:14b_85a9_psg,2673,67.31,False,9810,failure,12483,32f74972,sg,q14,32f7_pysg,False,7.28,qwen2.5-coder:14b_psg_NP
none,qwen2.5-coder:14b_85a9_psg,2380,60.77,False,9810,failure,12190,2df76500,sg,q14,2df7_pysg,False,7.28,qwen2.5-coder:14b_psg_NP
none,qwen2.5-coder:14b_85a9_psg,2858,71.33,False,9810,failure,12668,8c9c54a3,sg,q14,8c9c_pysg,False,7.28,qwen2.5-coder:14b_psg_NP
none,qwen2.5-coder:14b_85a9_psg,2473,62.64,False,9810,failure,12283,223a2db3,sg,q14,223a_pysg,False,7.28,qwen2.5-coder:14b_psg_NP
none,qwen2.5-coder:14b_85a9_psg,671,16.37,False,1618,success,2289,6d09a433,sg,q14,6d09_pysg,False,7.28,qwen2.5-coder:14b_psg_NP
none,qwen2.5-coder:14b_85a9_psg,1661,41.47,False,5714,success,7375,722dea9d,sg,q14,722d_pysg,False,7.28,qwen2.5-coder:14b_psg_NP
none,qwen2.5-coder:14b_85a9_psg,2842,71.11,False,9810,failure,12652,65e7f629,sg,q14,65e7_pysg,False,7.28,qwen2.5-coder:14b_psg_NP
none,qwen2.5-coder:14b_85a9_psg,3002,74.49,False,9810,failure,12812,96758c01,sg,q14,9675_pysg,False,7.28,qwen2.5-coder:14b_psg_NP
none,qwen2.5-coder:14b_85a9_psg,2193,56.64,False,9810,failure,12003,4b0c8945,sg,q14,4b0c_pysg,False,7.28,qwen2.5-coder:14b_psg_NP
none,qwen2.5-coder:14b_85a9_psg,2697,67.87,False,9810,failure,12507,559eefeb,sg,q14,559e_pysg,False,7.28,qwen2.5-coder:14b_psg_NP
none,qwen2.5-coder:14b_85a9_psg,2659,66.75,False,9810,failure,12469,65dac66e,sg,q14,65da_pysg,False,7.28,qwen2.5-coder:14b_psg_NP
none,qwen2.5-coder:14b_85a9_psg,2568,64.74,False,9810,success,12378,040a68e3,sg,q14,040a_pysg,False,7.28,qwen2.5-coder:14b_psg_NP
none,qwen2.5-coder:14b_85a9_psg,663,16.39,False,1618,success,2281,e840426a,sg,q14,e840_pysg,False,7.28,qwen2.5-coder:14b_psg_NP
none,qwen2.5-coder:14b_85a9_psg,2724,68.46,False,9810,failure,12534,8cbb6ec9,sg,q14,8cbb_pysg,False,7.28,qwen2.5-coder:14b_psg_NP
none,qwen2.5-coder:14b_85a9_psg,2641,66.6,False,9810,failure,12451,b229145a,sg,q14,b229_pysg,False,7.28,qwen2.5-coder:14b_psg_NP
none,qwen2.5-coder:14b_85a9_psg,2915,72.79,False,9810,failure,12725,1f728e55,sg,q14,1f72_pysg,False,7.28,qwen2.5-coder:14b_psg_NP
none,qwen2.5-coder:14b_85a9_psg,2834,70.76,False,9810,failure,12644,07f0890b,sg,q14,07f0_pysg,False,7.28,qwen2.5-coder:14b_psg_NP
none,qwen2.5-coder:14b_85a9_psg,3151,77.76,False,9810,failure,12961,fd281490,sg,q14,fd28_pysg,False,7.28,qwen2.5-coder:14b_psg_NP
none,qwen2.5-coder:14b_85a9_psg,2469,62.99,False,9810,failure,12279,481126c4,sg,q14,4811_pysg,False,7.28,qwen2.5-coder:14b_psg_NP
none,qwen2.5-coder:14b_85a9_tpusg,2840,92.72,False,5929,success,8769,4ce16286,sg,q14,4ce1_tpusg,False,7.28,qwen2.5-coder:14b_tpusg_NP
none,qwen2.5-coder:14b_85a9_tpusg,898,22.49,False,1833,success,2731,1735aee0,sg,q14,1735_tpusg,False,7.28,qwen2.5-coder:14b_tpusg_NP
none,qwen2.5-coder:14b_85a9_tpusg,4316,108.0,False,10025,failure,14341,b5f19ff0,sg,q14,b5f1_tpusg,False,7.28,qwen2.5-coder:14b_tpusg_NP
none,qwen2.5-coder:14b_85a9_tpusg,1863,46.42,False,3881,success,5744,a3bd9f01,sg,q14,a3bd_tpusg,False,7.28,qwen2.5-coder:14b_tpusg_NP
none,qwen2.5-coder:14b_85a9_tpusg,826,23.06,False,1833,success,2659,e73de696,sg,q14,e73d_tpusg,False,7.28,qwen2.5-coder:14b_tpusg_NP
none,qwen2.5-coder:14b_85a9_tpusg,846,21.45,False,1833,success,2679,2a07c914,sg,q14,2a07_tpusg,False,7.28,qwen2.5-coder:14b_tpusg_NP
none,qwen2.5-coder:14b_85a9_tpusg,785,20.0,False,1833,success,2618,a688ebca,sg,q14,a688_tpusg,False,7.28,qwen2.5-coder:14b_tpusg_NP
none,qwen2.5-coder:14b_85a9_tpusg,4783,119.25,False,10025,failure,14808,513d6159,sg,q14,513d_tpusg,False,7.28,qwen2.5-coder:14b_tpusg_NP
none,qwen2.5-coder:14b_85a9_tpusg,1773,44.25,False,3881,success,5654,190153e1,sg,q14,1901_tpusg,False,7.28,qwen2.5-coder:14b_tpusg_NP
none,qwen2.5-coder:14b_85a9_tpusg,1678,42.1,False,3881,success,5559,ec769b33,sg,q14,ec76_tpusg,False,7.28,qwen2.5-coder:14b_tpusg_NP
none,qwen2.5-coder:14b_85a9_tpusg,779,19.65,False,1833,success,2612,6c96296d,sg,q14,6c96_tpusg,False,7.28,qwen2.5-coder:14b_tpusg_NP
none,qwen2.5-coder:14b_85a9_tpusg,1688,42.74,False,3881,success,5569,a3826e77,sg,q14,a382_tpusg,False,7.28,qwen2.5-coder:14b_tpusg_NP
none,qwen2.5-coder:14b_85a9_tpusg,2539,63.76,False,5929,success,8468,4c6ae20f,sg,q14,4c6a_tpusg,False,7.28,qwen2.5-coder:14b_tpusg_NP
none,qwen2.5-coder:14b_85a9_tpusg,916,22.96,False,1833,success,2749,d27e6a9e,sg,q14,d27e_tpusg,False,7.28,qwen2.5-coder:14b_tpusg_NP
none,qwen2.5-coder:14b_85a9_tpusg,1926,47.38,False,3881,success,5807,1c2479b5,sg,q14,1c24_tpusg,False,7.28,qwen2.5-coder:14b_tpusg_NP
none,qwen2.5-coder:14b_85a9_tpusg,907,21.76,False,1833,success,2740,9719fa0e,sg,q14,9719_tpusg,False,7.28,qwen2.5-coder:14b_tpusg_NP
none,qwen2.5-coder:14b_c83f_psg,1734,29.16,False,3666,success,5400,37cbf370,sg,q14,37cb_pysg,False,8.22,qwen2.5-coder:14b_psg_NP
none,qwen2.5-coder:14b_c83f_psg,651,11.02,False,1618,success,2269,6df1c160,sg,q14,6df1_pysg,False,8.22,qwen2.5-coder:14b_psg_NP
none,qwen2.5-coder:14b_c83f_psg,2309,38.93,False,5714,success,8023,1da4229d,sg,q14,1da4_pysg,False,8.22,qwen2.5-coder:14b_psg_NP
none,qwen2.5-coder:14b_c83f_psg,2270,38.27,False,5714,success,7984,57cf3dd2,sg,q14,57cf_pysg,False,8.22,qwen2.5-coder:14b_psg_NP
none,qwen2.5-coder:14b_c83f_psg,1444,24.38,False,3666,success,5110,718a3615,sg,q14,718a_pysg,False,8.22,qwen2.5-coder:14b_psg_NP
none,qwen2.5-coder:14b_c83f_psg,3911,65.96,False,9810,failure,13721,c5ec849c,sg,q14,c5ec_pysg,False,8.22,qwen2.5-coder:14b_psg_NP
none,qwen2.5-coder:14b_c83f_psg,3111,52.43,False,7762,success,10873,3cc4ad5a,sg,q14,3cc4_pysg,False,8.22,qwen2.5-coder:14b_psg_NP
none,qwen2.5-coder:14b_c83f_psg,2370,39.86,False,5714,success,8084,020645f7,sg,q14,0206_pysg,False,8.22,qwen2.5-coder:14b_psg_NP
none,qwen2.5-coder:14b_c83f_psg,3013,50.86,False,7762,success,10775,693b0a84,sg,q14,693b_pysg,False,8.22,qwen2.5-coder:14b_psg_NP
none,qwen2.5-coder:14b_c83f_psg,3819,64.38,False,9810,failure,13629,08552506,sg,q14,0855_pysg,False,8.22,qwen2.5-coder:14b_psg_NP
none,qwen2.5-coder:14b_c83f_psg,3850,64.85,False,9574,failure,13424,8f180d78,sg,q14,8f18_pysg,False,8.22,qwen2.5-coder:14b_psg_NP
none,qwen2.5-coder:14b_c83f_psg,1575,26.43,False,3666,success,5241,29e53ebd,sg,q14,29e5_pysg,False,8.22,qwen2.5-coder:14b_psg_NP
none,qwen2.5-coder:14b_c83f_psg,3760,63.48,False,9810,failure,13570,894c25d7,sg,q14,894c_pysg,False,8.22,qwen2.5-coder:14b_psg_NP
none,qwen2.5-coder:14b_c83f_psg,3570,60.65,False,9810,failure,13380,1fd89e23,sg,q14,1fd8_pysg,False,8.22,qwen2.5-coder:14b_psg_NP
none,qwen2.5-coder:14b_c83f_psg,2258,38.18,False,5714,success,7972,80240ce9,sg,q14,8024_pysg,False,8.22,qwen2.5-coder:14b_psg_NP
none,qwen2.5-coder:14b_c83f_psg,1415,23.91,False,3666,success,5081,f0aaeb14,sg,q14,f0aa_pysg,False,8.22,qwen2.5-coder:14b_psg_NP
none,qwen2.5-coder:14b_c83f_psg,3332,56.79,False,9810,success,13142,120d4427,sg,q14,120d_pysg,False,8.22,qwen2.5-coder:14b_psg_NP
none,qwen2.5-coder:14b_c83f_psg,3767,63.65,False,9810,failure,13577,c7f29867,sg,q14,c7f2_pysg,False,8.22,qwen2.5-coder:14b_psg_NP
none,qwen2.5-coder:14b_c83f_psg,2055,34.89,False,5714,success,7769,ca9fc646,sg,q14,ca9f_pysg,False,8.22,qwen2.5-coder:14b_psg_NP
none,qwen2.5-coder:14b_c83f_psg,1498,25.21,False,3666,success,5164,3ecf274a,sg,q14,3ecf_pysg,False,8.22,qwen2.5-coder:14b_psg_NP
none,qwen2.5-coder:14b_c83f_psg,3937,66.26,False,9810,failure,13747,0c7d16f7,sg,q14,0c7d_pysg,False,8.22,qwen2.5-coder:14b_psg_NP
none,qwen2.5-coder:14b_c83f_psg,627,10.64,False,1618,success,2245,25fcdf2b,sg,q14,25fc_pysg,False,8.22,qwen2.5-coder:14b_psg_NP
none,qwen2.5-coder:14b_c83f_psg,1420,24.01,False,3666,success,5086,ebe2e5eb,sg,q14,ebe2_pysg,False,8.22,qwen2.5-coder:14b_psg_NP
none,qwen2.5-coder:14b_c83f_psg,609,10.35,False,1618,success,2227,c14a2ef1,sg,q14,c14a_pysg,False,8.22,qwen2.5-coder:14b_psg_NP
none,qwen2.5-coder:14b_c83f_psg,2007,34.14,False,5714,success,7721,60a3dcf9,sg,q14,60a3_pysg,False,8.22,qwen2.5-coder:14b_psg_NP
none,qwen2.5-coder:14b_c83f_psg,1344,22.78,False,3666,success,5010,d0d13e5e,sg,q14,d0d1_pysg,False,8.22,qwen2.5-coder:14b_psg_NP
none,qwen2.5-coder:14b_c83f_psg,1450,24.46,False,3666,success,5116,915e15ce,sg,q14,915e_pysg,False,8.22,qwen2.5-coder:14b_psg_NP
none,qwen2.5-coder:14b_c83f_psg,602,10.22,False,1618,success,2220,34177d8e,sg,q14,3417_pysg,False,8.22,qwen2.5-coder:14b_psg_NP
none,qwen2.5-coder:14b_c83f_psg,2901,49.45,False,7762,success,10663,91fa8245,sg,q14,91fa_pysg,False,8.22,qwen2.5-coder:14b_psg_NP
none,qwen2.5-coder:14b_c83f_psg,1630,27.39,False,3666,success,5296,e0ec470b,sg,q14,e0ec_pysg,False,8.22,qwen2.5-coder:14b_psg_NP
none,qwen2.5-coder:14b_c83f_tpusg,4806,101.69,False,10025,failure,14831,b35a12a6,sg,q14,b35a_tpusg,False,8.22,qwen2.5-coder:14b_tpusg_NP
none,qwen2.5-coder:14b_c83f_tpusg,840,14.11,False,1833,success,2673,21411e67,sg,q14,2141_tpusg,False,8.22,qwen2.5-coder:14b_tpusg_NP
none,qwen2.5-coder:14b_c83f_tpusg,2745,45.92,False,5929,success,8674,ece65340,sg,q14,ece6_tpusg,False,8.22,qwen2.5-coder:14b_tpusg_NP
none,qwen2.5-coder:14b_c83f_tpusg,843,14.17,False,1833,success,2676,7ccb6c18,sg,q14,7ccb_tpusg,False,8.22,qwen2.5-coder:14b_tpusg_NP
none,qwen2.5-coder:14b_c83f_tpusg,817,13.75,False,1833,success,2650,e9e09edc,sg,q14,e9e0_tpusg,False,8.22,qwen2.5-coder:14b_tpusg_NP
none,qwen2.5-coder:14b_c83f_tpusg,1573,26.57,False,3881,success,5454,9ac8d28f,sg,q14,9ac8_tpusg,False,8.22,qwen2.5-coder:14b_tpusg_NP
none,qwen2.5-coder:14b_c83f_tpusg,781,13.2,False,1833,success,2614,94911236,sg,q14,9491_tpusg,False,8.22,qwen2.5-coder:14b_tpusg_NP
none,qwen2.5-coder:14b_c83f_tpusg,2801,46.78,False,5929,success,8730,4f776647,sg,q14,4f77_tpusg,False,8.22,qwen2.5-coder:14b_tpusg_NP
none,qwen2.5-coder:14b_c83f_tpusg,1710,28.69,False,3881,success,5591,90fb0265,sg,q14,90fb_tpusg,False,8.22,qwen2.5-coder:14b_tpusg_NP
none,qwen2.5-coder:14b_c83f_tpusg,871,14.61,False,1833,success,2704,40ad10c4,sg,q14,40ad_tpusg,False,8.22,qwen2.5-coder:14b_tpusg_NP
none,qwen2.5-coder:14b_c83f_tpusg,3889,66.05,False,10025,failure,13914,c853d5ee,sg,q14,c853_tpusg,False,8.22,qwen2.5-coder:14b_tpusg_NP
none,qwen2.5-coder:14b_c83f_tpusg,2788,50.82,False,5929,success,8717,16692be1,sg,q14,1669_tpusg,False,8.22,qwen2.5-coder:14b_tpusg_NP
none,qwen2.5-coder:14b_c83f_tpusg,827,13.92,False,1833,success,2660,166c23b4,sg,q14,166c_tpusg,False,8.22,qwen2.5-coder:14b_tpusg_NP
none,qwen2.5-coder:14b_c83f_tpusg,3072,50.97,False,5929,success,9001,e3fd0934,sg,q14,e3fd_tpusg,False,8.22,qwen2.5-coder:14b_tpusg_NP
none,qwen2.5-coder:14b_c83f_tpusg,756,12.79,False,1833,success,2589,93f4ea89,sg,q14,93f4_tpusg,False,8.22,qwen2.5-coder:14b_tpusg_NP
none,qwen2.5-coder:14b_c83f_tpusg,770,13.03,False,1833,success,2603,911f4667,sg,q14,911f_tpusg,False,8.22,qwen2.5-coder:14b_tpusg_NP
none,qwen2.5-coder:14b_c83f_tpusg,776,13.11,False,1833,success,2609,69ba7910,sg,q14,69ba_tpusg,False,8.22,qwen2.5-coder:14b_tpusg_NP
none,qwen2.5-coder:14b_c83f_tpusg,857,14.4,False,1833,success,2690,824121b7,sg,q14,8241_tpusg,False,8.22,qwen2.5-coder:14b_tpusg_NP
none,qwen2.5-coder:14b_c83f_tpusg,869,14.58,False,1833,success,2702,35ab6ae1,sg,q14,35ab_tpusg,False,8.22,qwen2.5-coder:14b_tpusg_NP
none,qwen2.5-coder:14b_c83f_tpusg,1948,32.43,False,3881,success,5829,6cc6c247,sg,q14,6cc6_tpusg,False,8.22,qwen2.5-coder:14b_tpusg_NP
none,qwen2.5-coder:14b_c83f_tpusg,823,13.86,False,1833,success,2656,52fdd5ee,sg,q14,52fd_tpusg,False,8.22,qwen2.5-coder:14b_tpusg_NP
none,qwen2.5-coder:14b_c83f_tpusg,772,13.23,False,1833,success,2605,b6472231,sg,q14,b647_tpusg,False,8.22,qwen2.5-coder:14b_tpusg_NP
none,qwen2.5-coder:14b_c83f_tpusg,1902,31.76,False,3881,success,5783,5fb5ad93,sg,q14,5fb5_tpusg,False,8.22,qwen2.5-coder:14b_tpusg_NP
none,qwen2.5-coder:14b_c83f_tpusg,3929,66.0,False,7977,success,11906,be37d45a,sg,q14,be37_tpusg,False,8.22,qwen2.5-coder:14b_tpusg_NP
none,qwen2.5-coder:14b_c83f_tpusg,865,14.52,False,1833,success,2698,3c95f6ac,sg,q14,3c95_tpusg,False,8.22,qwen2.5-coder:14b_tpusg_NP
none,qwen2.5-coder:14b_c83f_tpusg,2793,46.76,False,5929,success,8722,6f994dde,sg,q14,6f99_tpusg,False,8.22,qwen2.5-coder:14b_tpusg_NP
none,qwen2.5-coder:14b_c83f_tpusg,813,13.69,False,1833,success,2646,631111fb,sg,q14,6311_tpusg,False,8.22,qwen2.5-coder:14b_tpusg_NP
none,qwen2.5-coder:14b_c83f_tpusg,861,14.46,False,1833,success,2694,a9bf6d80,sg,q14,a9bf_tpusg,False,8.22,qwen2.5-coder:14b_tpusg_NP
none,qwen2.5-coder:14b_c83f_tpusg,741,12.57,False,1833,success,2574,2d20cc91,sg,q14,2d20_tpusg,False,8.22,qwen2.5-coder:14b_tpusg_NP
none,qwen2.5-coder:14b_c83f_tpusg,839,14.11,False,1833,success,2672,16bea05d,sg,q14,16be_tpusg,False,8.22,qwen2.5-coder:14b_tpusg_NP
none,qwen2.5-coder:14b_d266_psg,2263,70.54,True,9810,success,12073,80ed9570,sg,q14,80ed_pysg,True,8.11,qwen2.5-coder:14b_psg_P
none,qwen2.5-coder:14b_d266_psg,2503,45.24,True,9810,failure,12313,e4d47bdb,sg,q14,e4d4_pysg,True,8.11,qwen2.5-coder:14b_psg_P
none,qwen2.5-coder:14b_d266_psg,2473,44.75,True,9810,failure,12283,7e5cd8c5,sg,q14,7e5c_pysg,True,8.11,qwen2.5-coder:14b_psg_P
none,qwen2.5-coder:14b_d266_psg,2563,46.33,True,9810,failure,12373,9a120098,sg,q14,9a12_pysg,True,8.11,qwen2.5-coder:14b_psg_P
none,qwen2.5-coder:14b_d266_psg,2617,47.17,True,9810,failure,12427,ed2fc376,sg,q14,ed2f_pysg,True,8.11,qwen2.5-coder:14b_psg_P
none,qwen2.5-coder:14b_d266_psg,2544,45.91,True,9810,failure,12354,3af15876,sg,q14,3af1_pysg,True,8.11,qwen2.5-coder:14b_psg_P
none,qwen2.5-coder:14b_d266_psg,2093,38.54,True,9810,failure,11903,8440e656,sg,q14,8440_pysg,True,8.11,qwen2.5-coder:14b_psg_P
none,qwen2.5-coder:14b_d266_psg,2088,38.47,True,9810,failure,11898,03381ef5,sg,q14,0338_pysg,True,8.11,qwen2.5-coder:14b_psg_P
none,qwen2.5-coder:14b_d266_psg,2209,40.45,True,9810,failure,12019,c2a79f5d,sg,q14,c2a7_pysg,True,8.11,qwen2.5-coder:14b_psg_P
none,qwen2.5-coder:14b_d266_psg,2117,39.03,True,9810,failure,11927,b13678ad,sg,q14,b136_pysg,True,8.11,qwen2.5-coder:14b_psg_P
none,qwen2.5-coder:14b_d266_psg,2290,41.82,True,9810,failure,12100,4f285920,sg,q14,4f28_pysg,True,8.11,qwen2.5-coder:14b_psg_P
none,qwen2.5-coder:14b_d266_psg,2462,44.59,True,9810,failure,12272,c078b108,sg,q14,c078_pysg,True,8.11,qwen2.5-coder:14b_psg_P
none,qwen2.5-coder:14b_d266_psg,2468,44.66,True,9810,failure,12278,87380cfc,sg,q14,8738_pysg,True,8.11,qwen2.5-coder:14b_psg_P
none,qwen2.5-coder:14b_d266_psg,2364,42.99,True,9810,failure,12174,5c89c448,sg,q14,5c89_pysg,True,8.11,qwen2.5-coder:14b_psg_P
none,qwen2.5-coder:14b_d266_psg,2591,46.65,True,9810,failure,12401,4f78accf,sg,q14,4f78_pysg,True,8.11,qwen2.5-coder:14b_psg_P
none,qwen2.5-coder:14b_d266_psg,2109,38.81,True,9810,failure,11919,4a1078b4,sg,q14,4a10_pysg,True,8.11,qwen2.5-coder:14b_psg_P
none,qwen2.5-coder:14b_d266_psg,2426,43.95,True,9810,failure,12236,1d436cb6,sg,q14,1d43_pysg,True,8.11,qwen2.5-coder:14b_psg_P
none,qwen2.5-coder:14b_d266_psg,2575,46.56,True,9810,failure,12385,f7352520,sg,q14,f735_pysg,True,8.11,qwen2.5-coder:14b_psg_P
none,qwen2.5-coder:14b_d266_psg,2376,43.14,True,9810,failure,12186,7b1aa92f,sg,q14,7b1a_pysg,True,8.11,qwen2.5-coder:14b_psg_P
none,qwen2.5-coder:14b_d266_psg,2598,46.76,True,9810,failure,12408,1d116b1b,sg,q14,1d11_pysg,True,8.11,qwen2.5-coder:14b_psg_P
none,qwen2.5-coder:14b_d266_psg,2455,44.42,True,9810,failure,12265,096552da,sg,q14,0965_pysg,True,8.11,qwen2.5-coder:14b_psg_P
none,qwen2.5-coder:14b_d266_psg,2251,41.81,True,9810,failure,12061,dfd52866,sg,q14,dfd5_pysg,True,8.11,qwen2.5-coder:14b_psg_P
none,qwen2.5-coder:14b_d266_psg,2120,39.62,True,9810,failure,11930,6209d1e6,sg,q14,6209_pysg,True,8.11,qwen2.5-coder:14b_psg_P
none,qwen2.5-coder:14b_d266_psg,2456,44.5,True,9810,failure,12266,22d63db7,sg,q14,22d6_pysg,True,8.11,qwen2.5-coder:14b_psg_P
none,qwen2.5-coder:14b_d266_psg,1787,32.67,True,7762,success,9549,59dd3d66,sg,q14,59dd_pysg,True,8.11,qwen2.5-coder:14b_psg_P
none,qwen2.5-coder:14b_d266_psg,2024,37.42,True,9810,failure,11834,c810cf6b,sg,q14,c810_pysg,True,8.11,qwen2.5-coder:14b_psg_P
none,qwen2.5-coder:14b_d266_psg,2092,38.53,True,9810,failure,11902,8caf982c,sg,q14,8caf_pysg,True,8.11,qwen2.5-coder:14b_psg_P
none,qwen2.5-coder:14b_ea68_tpusg,1830,67.81,False,3881,success,5711,ea51a1d6,sg,q14,ea51_tpusg,False,8.25,qwen2.5-coder:14b_tpusg_NP
none,qwen2.5-coder:14b_ea68_tpusg,844,14.21,False,1833,success,2677,1eba47e1,sg,q14,1eba_tpusg,False,8.25,qwen2.5-coder:14b_tpusg_NP
none,qwen2.5-coder:14b_ea68_tpusg,795,13.44,False,1833,success,2628,d32e8847,sg,q14,d32e_tpusg,False,8.25,qwen2.5-coder:14b_tpusg_NP
none,qwen2.5-coder:14b_ea68_tpusg,3883,64.81,False,7977,success,11860,451f90fc,sg,q14,451f_tpusg,False,8.25,qwen2.5-coder:14b_tpusg_NP
none,qwen2.5-coder:14b_ea68_tpusg,775,13.11,False,1833,success,2608,bb72d1ae,sg,q14,bb72_tpusg,False,8.25,qwen2.5-coder:14b_tpusg_NP
none,qwen2.5-coder:14b_ea68_tpusg,878,14.75,False,1833,success,2711,9002f3b5,sg,q14,9002_tpusg,False,8.25,qwen2.5-coder:14b_tpusg_NP
none,qwen2.5-coder:14b_ea68_tpusg,867,14.57,False,1833,success,2700,360c05b5,sg,q14,360c_tpusg,False,8.25,qwen2.5-coder:14b_tpusg_NP
none,qwen2.5-coder:14b_ea68_tpusg,799,13.5,False,1833,success,2632,ae386b54,sg,q14,ae38_tpusg,False,8.25,qwen2.5-coder:14b_tpusg_NP
none,qwen2.5-coder:14b_ea68_tpusg,1819,30.48,False,3881,success,5700,fc96c7e6,sg,q14,fc96_tpusg,False,8.25,qwen2.5-coder:14b_tpusg_NP
none,qwen2.5-coder:14b_ea68_tpusg,808,13.71,False,1833,success,2641,f5244335,sg,q14,f524_tpusg,False,8.25,qwen2.5-coder:14b_tpusg_NP
none,qwen2.5-coder:14b_ea68_tpusg,772,13.41,False,1833,success,2605,9cdd1f9b,sg,q14,9cdd_tpusg,False,8.25,qwen2.5-coder:14b_tpusg_NP
none,qwen2.5-coder:14b_ea68_tpusg,833,14.3,False,1833,success,2666,61e282f9,sg,q14,61e2_tpusg,False,8.25,qwen2.5-coder:14b_tpusg_NP
none,qwen2.5-coder:14b_ea68_tpusg,1863,31.22,False,3881,success,5744,181e0d7c,sg,q14,181e_tpusg,False,8.25,qwen2.5-coder:14b_tpusg_NP
none,qwen2.5-coder:14b_ea68_tpusg,808,13.74,False,1833,success,2641,d0614d05,sg,q14,d061_tpusg,False,8.25,qwen2.5-coder:14b_tpusg_NP
none,qwen2.5-coder:14b_ea68_tpusg,1731,29.15,False,3881,success,5612,e17718fe,sg,q14,e177_tpusg,False,8.25,qwen2.5-coder:14b_tpusg_NP
none,qwen2.5-coder:14b_ea68_tpusg,820,13.87,False,1833,success,2653,467f1c90,sg,q14,467f_tpusg,False,8.25,qwen2.5-coder:14b_tpusg_NP
none,qwen2.5-coder:14b_ea68_tpusg,3048,50.95,False,5929,success,8977,523afc99,sg,q14,523a_tpusg,False,8.25,qwen2.5-coder:14b_tpusg_NP
none,qwen2.5-coder:14b_ea68_tpusg,1702,28.81,False,3881,success,5583,bf1987e7,sg,q14,bf19_tpusg,False,8.25,qwen2.5-coder:14b_tpusg_NP
none,qwen2.5-coder:14b_ea68_tpusg,774,13.38,False,1833,success,2607,de5b342e,sg,q14,de5b_tpusg,False,8.25,qwen2.5-coder:14b_tpusg_NP
none,qwen2.5-coder:14b_ea68_tpusg,3925,65.75,False,7977,success,11902,1281f6c0,sg,q14,1281_tpusg,False,8.25,qwen2.5-coder:14b_tpusg_NP
none,qwen2.5-coder:32b_17ec_psg,682,20.25,False,1618,success,2300,38887890,sg,q32,3888_pysg,False,8.03,qwen2.5-coder:32b_psg_NP
none,qwen2.5-coder:32b_17ec_psg,4611,135.85,False,9810,failure,14421,05cd5e77,sg,q32,05cd_pysg,False,8.03,qwen2.5-coder:32b_psg_NP
none,qwen2.5-coder:32b_17ec_psg,4723,138.15,False,9810,failure,14533,a0c7e478,sg,q32,a0c7_pysg,False,8.03,qwen2.5-coder:32b_psg_NP
none,qwen2.5-coder:32b_17ec_psg,655,19.47,False,1618,success,2273,9f37b1d6,sg,q32,9f37_pysg,False,8.03,qwen2.5-coder:32b_psg_NP
none,qwen2.5-coder:32b_17ec_psg,1532,45.51,False,3666,success,5198,5aad1270,sg,q32,5aad_pysg,False,8.03,qwen2.5-coder:32b_psg_NP
none,qwen2.5-coder:32b_17ec_psg,2809,82.36,False,5714,success,8523,bc810e7e,sg,q32,bc81_pysg,False,8.03,qwen2.5-coder:32b_psg_NP
none,qwen2.5-coder:32b_17ec_psg,4111,121.85,False,9810,failure,13921,feab58bc,sg,q32,feab_pysg,False,8.03,qwen2.5-coder:32b_psg_NP
none,qwen2.5-coder:32b_17ec_psg,4468,131.17,False,9810,failure,14278,5aa99a12,sg,q32,5aa9_pysg,False,8.03,qwen2.5-coder:32b_psg_NP
none,qwen2.5-coder:32b_17ec_psg,1560,46.16,False,3666,success,5226,d18c8893,sg,q32,d18c_pysg,False,8.03,qwen2.5-coder:32b_psg_NP
none,qwen2.5-coder:32b_17ec_psg,4344,128.24,False,9810,failure,14154,02f13f42,sg,q32,02f1_pysg,False,8.03,qwen2.5-coder:32b_psg_NP
none,qwen2.5-coder:32b_17ec_psg,4224,124.69,False,9810,failure,14034,9302b1eb,sg,q32,9302_pysg,False,8.03,qwen2.5-coder:32b_psg_NP
none,qwen2.5-coder:32b_17ec_psg,4550,133.71,False,9810,failure,14360,86cd171f,sg,q32,86cd_pysg,False,8.03,qwen2.5-coder:32b_psg_NP
none,qwen2.5-coder:32b_17ec_psg,4309,127.14,False,9810,failure,14119,366bb35b,sg,q32,366b_pysg,False,8.03,qwen2.5-coder:32b_psg_NP
none,qwen2.5-coder:32b_17ec_psg,4414,130.03,False,9810,failure,14224,a1559d5c,sg,q32,a155_pysg,False,8.03,qwen2.5-coder:32b_psg_NP
none,qwen2.5-coder:32b_17ec_psg,3566,104.74,False,7762,success,11328,dfd7904b,sg,q32,dfd7_pysg,False,8.03,qwen2.5-coder:32b_psg_NP
none,qwen2.5-coder:32b_17ec_psg,4139,122.51,False,9810,failure,13949,3f04be7e,sg,q32,3f04_pysg,False,8.03,qwen2.5-coder:32b_psg_NP
none,qwen2.5-coder:32b_17ec_psg,4241,125.57,False,9810,failure,14051,8d5ee340,sg,q32,8d5e_pysg,False,8.03,qwen2.5-coder:32b_psg_NP
none,qwen2.5-coder:32b_17ec_psg,4115,121.86,False,9810,failure,13925,8f002a44,sg,q32,8f00_pysg,False,8.03,qwen2.5-coder:32b_psg_NP
none,qwen2.5-coder:32b_17ec_psg,3967,117.93,False,9810,failure,13777,2f794bef,sg,q32,2f79_pysg,False,8.03,qwen2.5-coder:32b_psg_NP
none,qwen2.5-coder:32b_17ec_psg,5595,161.96,False,9810,failure,15405,4c4c611d,sg,q32,4c4c_pysg,False,8.03,qwen2.5-coder:32b_psg_NP
none,qwen2.5-coder:32b_17ec_psg,2775,81.22,False,5714,success,8489,b9a70039,sg,q32,b9a7_pysg,False,8.03,qwen2.5-coder:32b_psg_NP
none,qwen2.5-coder:32b_17ec_psg,4308,127.13,False,9810,failure,14118,2be6742d,sg,q32,2be6_pysg,False,8.03,qwen2.5-coder:32b_psg_NP
none,qwen2.5-coder:32b_17ec_psg,749,22.09,False,1618,success,2367,d7ec69af,sg,q32,d7ec_pysg,False,8.03,qwen2.5-coder:32b_psg_NP
none,qwen2.5-coder:32b_17ec_psg,648,19.29,False,1618,success,2266,1b4a9cb1,sg,q32,1b4a_pysg,False,8.03,qwen2.5-coder:32b_psg_NP
none,qwen2.5-coder:32b_17ec_psg,5828,168.23,False,9810,failure,15638,6f635a85,sg,q32,6f63_pysg,False,8.03,qwen2.5-coder:32b_psg_NP
none,qwen2.5-coder:32b_17ec_psg,4799,140.47,False,9810,failure,14609,fe86a644,sg,q32,fe86_pysg,False,8.03,qwen2.5-coder:32b_psg_NP
none,qwen2.5-coder:32b_17ec_psg,664,19.73,False,1618,success,2282,fbe27366,sg,q32,fbe2_pysg,False,8.03,qwen2.5-coder:32b_psg_NP
none,qwen2.5-coder:32b_17ec_psg,668,19.84,False,1618,success,2286,3da911a8,sg,q32,3da9_pysg,False,8.03,qwen2.5-coder:32b_psg_NP
none,qwen2.5-coder:32b_17ec_psg,678,20.11,False,1618,success,2296,7d502ba3,sg,q32,7d50_pysg,False,8.03,qwen2.5-coder:32b_psg_NP
none,qwen2.5-coder:32b_17ec_psg,4411,129.85,False,9810,failure,14221,641ef781,sg,q32,641e_pysg,False,8.03,qwen2.5-coder:32b_psg_NP
none,qwen2.5-coder:32b_17ec_tpusg,799,23.71,False,1833,success,2632,64a0bb35,sg,q32,64a0_tpusg,False,8.03,qwen2.5-coder:32b_tpusg_NP
none,qwen2.5-coder:32b_17ec_tpusg,833,24.64,False,1833,success,2666,f16e81a2,sg,q32,f16e_tpusg,False,8.03,qwen2.5-coder:32b_tpusg_NP
none,qwen2.5-coder:32b_17ec_tpusg,849,25.28,False,1833,success,2682,b0366928,sg,q32,b036_tpusg,False,8.03,qwen2.5-coder:32b_tpusg_NP
none,qwen2.5-coder:32b_17ec_tpusg,1755,51.98,False,3881,success,5636,8cc23ee1,sg,q32,8cc2_tpusg,False,8.03,qwen2.5-coder:32b_tpusg_NP
none,qwen2.5-coder:32b_17ec_tpusg,1959,57.5,False,3881,success,5840,6b1ee198,sg,q32,6b1e_tpusg,False,8.03,qwen2.5-coder:32b_tpusg_NP
none,qwen2.5-coder:32b_17ec_tpusg,1932,56.63,False,3881,success,5813,d7887820,sg,q32,d788_tpusg,False,8.03,qwen2.5-coder:32b_tpusg_NP
none,qwen2.5-coder:32b_17ec_tpusg,790,23.47,False,1833,success,2623,74bb08e7,sg,q32,74bb_tpusg,False,8.03,qwen2.5-coder:32b_tpusg_NP
none,qwen2.5-coder:32b_17ec_tpusg,2944,86.28,False,5929,success,8873,0d3b03a0,sg,q32,0d3b_tpusg,False,8.03,qwen2.5-coder:32b_tpusg_NP
none,qwen2.5-coder:32b_17ec_tpusg,827,24.52,False,1833,success,2660,f67c9001,sg,q32,f67c_tpusg,False,8.03,qwen2.5-coder:32b_tpusg_NP
none,qwen2.5-coder:32b_17ec_tpusg,1866,54.9,False,3881,success,5747,efe79d78,sg,q32,efe7_tpusg,False,8.03,qwen2.5-coder:32b_tpusg_NP
none,qwen2.5-coder:32b_17ec_tpusg,871,25.72,False,1833,success,2704,e374a1d6,sg,q32,e374_tpusg,False,8.03,qwen2.5-coder:32b_tpusg_NP
none,qwen2.5-coder:32b_17ec_tpusg,803,23.98,False,1833,success,2636,a16a15ca,sg,q32,a16a_tpusg,False,8.03,qwen2.5-coder:32b_tpusg_NP
none,qwen2.5-coder:32b_17ec_tpusg,2850,83.9,False,5929,success,8779,50fe9f43,sg,q32,50fe_tpusg,False,8.03,qwen2.5-coder:32b_tpusg_NP
none,qwen2.5-coder:32b_17ec_tpusg,4845,142.17,False,10025,success,14870,3a62ae29,sg,q32,3a62_tpusg,False,8.03,qwen2.5-coder:32b_tpusg_NP
none,qwen2.5-coder:32b_17ec_tpusg,1797,53.18,False,3881,success,5678,a42e261b,sg,q32,a42e_tpusg,False,8.03,qwen2.5-coder:32b_tpusg_NP
none,qwen2.5-coder:32b_17ec_tpusg,823,24.41,False,1833,success,2656,ea1c3741,sg,q32,ea1c_tpusg,False,8.03,qwen2.5-coder:32b_tpusg_NP
none,qwen2.5-coder:32b_17ec_tpusg,2129,62.46,False,3881,success,6010,011bc56e,sg,q32,011b_tpusg,False,8.03,qwen2.5-coder:32b_tpusg_NP
none,qwen2.5-coder:32b_17ec_tpusg,795,23.79,False,1833,success,2628,37bdf340,sg,q32,37bd_tpusg,False,8.03,qwen2.5-coder:32b_tpusg_NP
none,qwen2.5-coder:32b_17ec_tpusg,1861,54.91,False,3881,success,5742,87052819,sg,q32,8705_tpusg,False,8.03,qwen2.5-coder:32b_tpusg_NP
none,qwen2.5-coder:32b_17ec_tpusg,799,23.71,False,1833,success,2632,26d4af01,sg,q32,26d4_tpusg,False,8.03,qwen2.5-coder:32b_tpusg_NP
none,qwen2.5-coder:32b_17ec_tpusg,3073,90.05,False,5929,success,9002,e38f170f,sg,q32,e38f_tpusg,False,8.03,qwen2.5-coder:32b_tpusg_NP
none,qwen2.5-coder:32b_17ec_tpusg,1914,56.05,False,3881,success,5795,8fa577ed,sg,q32,8fa5_tpusg,False,8.03,qwen2.5-coder:32b_tpusg_NP
none,qwen2.5-coder:32b_17ec_tpusg,886,26.11,False,1833,success,2719,b5f8272f,sg,q32,b5f8_tpusg,False,8.03,qwen2.5-coder:32b_tpusg_NP
none,qwen2.5-coder:32b_17ec_tpusg,805,23.87,False,1833,success,2638,989ed9ee,sg,q32,989e_tpusg,False,8.03,qwen2.5-coder:32b_tpusg_NP
none,qwen2.5-coder:32b_17ec_tpusg,3874,113.91,False,7977,success,11851,ed976f13,sg,q32,ed97_tpusg,False,8.03,qwen2.5-coder:32b_tpusg_NP
none,qwen2.5-coder:32b_17ec_tpusg,830,24.61,False,1833,success,2663,a152a3ef,sg,q32,a152_tpusg,False,8.03,qwen2.5-coder:32b_tpusg_NP
none,qwen2.5-coder:32b_17ec_tpusg,799,23.83,False,1833,success,2632,20000bfa,sg,q32,2000_tpusg,False,8.03,qwen2.5-coder:32b_tpusg_NP
none,qwen2.5-coder:32b_17ec_tpusg,789,23.42,False,1833,success,2622,c9f3ea27,sg,q32,c9f3_tpusg,False,8.03,qwen2.5-coder:32b_tpusg_NP
none,qwen2.5-coder:32b_17ec_tpusg,785,23.49,False,1833,success,2618,abd1dde4,sg,q32,abd1_tpusg,False,8.03,qwen2.5-coder:32b_tpusg_NP
none,qwen2.5-coder:32b_17ec_tpusg,837,24.91,False,1833,success,2670,9a228b50,sg,q32,9a22_tpusg,False,8.03,qwen2.5-coder:32b_tpusg_NP
none,qwen2.5-coder:32b_1974_psg,6060,249.71,True,9810,success,15870,e9b77ff6,sg,q32,e9b7_pysg,True,7.27,qwen2.5-coder:32b_psg_P
none,qwen2.5-coder:32b_1974_psg,3273,138.48,True,7762,success,11035,78c72c9b,sg,q32,78c7_pysg,True,7.27,qwen2.5-coder:32b_psg_P
none,qwen2.5-coder:32b_1974_psg,3226,138.33,True,7762,success,10988,49c9d8f0,sg,q32,49c9_pysg,True,7.27,qwen2.5-coder:32b_psg_P
none,qwen2.5-coder:32b_1974_psg,3971,167.96,True,9810,failure,13781,b726b1fe,sg,q32,b726_pysg,True,7.27,qwen2.5-coder:32b_psg_P
none,qwen2.5-coder:32b_1974_psg,4492,189.44,True,9810,failure,14302,37e4e01f,sg,q32,37e4_pysg,True,7.27,qwen2.5-coder:32b_psg_P
none,qwen2.5-coder:32b_1974_psg,3978,168.32,True,9810,success,13788,6c9b8cfc,sg,q32,6c9b_pysg,True,7.27,qwen2.5-coder:32b_psg_P
none,qwen2.5-coder:32b_1974_psg,3290,138.32,True,7762,success,11052,709e22ac,sg,q32,709e_pysg,True,7.27,qwen2.5-coder:32b_psg_P
none,qwen2.5-coder:32b_1974_psg,5692,234.44,True,9810,failure,15502,7ad33c9c,sg,q32,7ad3_pysg,True,7.27,qwen2.5-coder:32b_psg_P
none,qwen2.5-coder:32b_1974_psg,4167,175.94,True,9810,success,13977,883c868e,sg,q32,883c_pysg,True,7.27,qwen2.5-coder:32b_psg_P
none,qwen2.5-coder:32b_1974_psg,6474,263.98,True,9810,failure,16284,7f132b41,sg,q32,7f13_pysg,True,7.27,qwen2.5-coder:32b_psg_P
none,qwen2.5-coder:32b_1974_psg,3942,166.92,True,9810,success,13752,abeeee73,sg,q32,abee_pysg,True,7.27,qwen2.5-coder:32b_psg_P
none,qwen2.5-coder:32b_1974_psg,4448,187.49,True,9810,success,14258,7f9f9e2d,sg,q32,7f9f_pysg,True,7.27,qwen2.5-coder:32b_psg_P
none,qwen2.5-coder:32b_1974_psg,4319,181.44,True,9810,failure,14129,c9eae8ed,sg,q32,c9ea_pysg,True,7.27,qwen2.5-coder:32b_psg_P
none,qwen2.5-coder:32b_1974_psg,5082,207.62,True,7762,success,12844,a7438fb3,sg,q32,a743_pysg,True,7.27,qwen2.5-coder:32b_psg_P
none,qwen2.5-coder:32b_1974_psg,4374,183.72,True,9810,failure,14184,a5cd96c8,sg,q32,a5cd_pysg,True,7.27,qwen2.5-coder:32b_psg_P
none,qwen2.5-coder:32b_1974_psg,4109,174.06,True,9810,failure,13919,434bac60,sg,q32,434b_pysg,True,7.27,qwen2.5-coder:32b_psg_P
none,qwen2.5-coder:32b_1974_psg,3946,167.11,True,9810,failure,13756,23bf5079,sg,q32,23bf_pysg,True,7.27,qwen2.5-coder:32b_psg_P
none,qwen2.5-coder:32b_1974_psg,4074,172.47,True,9810,success,13884,002d6df6,sg,q32,002d_pysg,True,7.27,qwen2.5-coder:32b_psg_P
none,qwen2.5-coder:32b_1974_psg,4069,173.33,True,9810,success,13879,844c47cb,sg,q32,844c_pysg,True,7.27,qwen2.5-coder:32b_psg_P
none,qwen2.5-coder:32b_1974_psg,4364,184.36,True,9810,failure,14174,48421762,sg,q32,4842_pysg,True,7.27,qwen2.5-coder:32b_psg_P
none,qwen2.5-coder:32b_1974_psg,3882,166.22,True,9810,failure,13692,32dc2ecf,sg,q32,32dc_pysg,True,7.27,qwen2.5-coder:32b_psg_P
none,qwen2.5-coder:32b_1974_psg,4550,191.46,True,9810,failure,14360,529dcbbc,sg,q32,529d_pysg,True,7.27,qwen2.5-coder:32b_psg_P
none,qwen2.5-coder:32b_1974_psg,5864,241.24,True,9810,failure,15674,0e457210,sg,q32,0e45_pysg,True,7.27,qwen2.5-coder:32b_psg_P
none,qwen2.5-coder:32b_1974_psg,4317,182.46,True,9810,failure,14127,3ee54d1d,sg,q32,3ee5_pysg,True,7.27,qwen2.5-coder:32b_psg_P
none,qwen2.5-coder:32b_1974_psg,4140,180.28,True,9810,failure,13950,fbf5b443,sg,q32,fbf5_pysg,True,7.27,qwen2.5-coder:32b_psg_P
none,qwen2.5-coder:32b_1974_psg,3179,135.07,True,7762,success,10941,696435d8,sg,q32,6964_pysg,True,7.27,qwen2.5-coder:32b_psg_P
none,qwen2.5-coder:32b_1974_psg,3966,169.78,True,9810,failure,13776,d52deb62,sg,q32,d52d_pysg,True,7.27,qwen2.5-coder:32b_psg_P
none,qwen2.5-coder:32b_1974_psg,3563,150.25,True,7762,success,11325,efd7e873,sg,q32,efd7_pysg,True,7.27,qwen2.5-coder:32b_psg_P
none,qwen2.5-coder:32b_1974_psg,4293,181.51,True,9810,failure,14103,7d8c2c05,sg,q32,7d8c_pysg,True,7.27,qwen2.5-coder:32b_psg_P
none,qwen2.5-coder:32b_1974_psg,4292,182.6,True,9810,failure,14102,3c4cd890,sg,q32,3c4c_pysg,True,7.27,qwen2.5-coder:32b_psg_P
none,qwen2.5-coder:32b_1974_tpusg,4852,236.52,True,10025,failure,14877,6f6d9769,sg,q32,6f6d_tpusg,True,7.27,qwen2.5-coder:32b_tpusg_P
none,qwen2.5-coder:32b_1974_tpusg,2937,120.46,True,5929,success,8866,c017cb4c,sg,q32,c017_tpusg,True,7.27,qwen2.5-coder:32b_tpusg_P
none,qwen2.5-coder:32b_1974_tpusg,5802,234.12,True,10025,failure,15827,c0698d45,sg,q32,c069_tpusg,True,7.27,qwen2.5-coder:32b_tpusg_P
none,qwen2.5-coder:32b_1974_tpusg,3018,125.09,True,5929,success,8947,bf2bc90f,sg,q32,bf2b_tpusg,True,7.27,qwen2.5-coder:32b_tpusg_P
none,qwen2.5-coder:32b_1974_tpusg,3076,127.12,True,5929,success,9005,987e6621,sg,q32,987e_tpusg,True,7.27,qwen2.5-coder:32b_tpusg_P
none,qwen2.5-coder:32b_1974_tpusg,5873,236.94,True,10025,failure,15898,c9bd32c6,sg,q32,c9bd_tpusg,True,7.27,qwen2.5-coder:32b_tpusg_P
none,qwen2.5-coder:32b_1974_tpusg,4797,196.81,True,10025,failure,14822,0410ae45,sg,q32,0410_tpusg,True,7.27,qwen2.5-coder:32b_tpusg_P
none,qwen2.5-coder:32b_1974_tpusg,3820,157.34,True,7919,success,11739,eb354546,sg,q32,eb35_tpusg,True,7.27,qwen2.5-coder:32b_tpusg_P
none,qwen2.5-coder:32b_1974_tpusg,3713,153.25,True,7919,success,11632,18296e38,sg,q32,1829_tpusg,True,7.27,qwen2.5-coder:32b_tpusg_P
none,qwen2.5-coder:32b_1974_tpusg,4894,200.57,True,10025,failure,14919,ca78fb05,sg,q32,ca78_tpusg,True,7.27,qwen2.5-coder:32b_tpusg_P
none,qwen2.5-coder:32b_1974_tpusg,5735,232.06,True,10025,failure,15760,d560756c,sg,q32,d560_tpusg,True,7.27,qwen2.5-coder:32b_tpusg_P
none,qwen2.5-coder:32b_1974_tpusg,2817,115.81,True,5929,success,8746,c34b4de7,sg,q32,c34b_tpusg,True,7.27,qwen2.5-coder:32b_tpusg_P
none,qwen2.5-coder:32b_1974_tpusg,2940,120.61,True,5929,success,8869,24640f14,sg,q32,2464_tpusg,True,7.27,qwen2.5-coder:32b_tpusg_P
none,qwen2.5-coder:32b_1974_tpusg,4992,204.02,True,10025,failure,15017,9ed3c1c8,sg,q32,9ed3_tpusg,True,7.27,qwen2.5-coder:32b_tpusg_P
none,qwen2.5-coder:32b_1974_tpusg,3815,156.52,True,7919,success,11734,ed940fff,sg,q32,ed94_tpusg,True,7.27,qwen2.5-coder:32b_tpusg_P
none,qwen2.5-coder:32b_1974_tpusg,3826,157.9,True,7919,success,11745,f5ea1dbd,sg,q32,f5ea_tpusg,True,7.27,qwen2.5-coder:32b_tpusg_P
none,qwen2.5-coder:32b_1974_tpusg,4868,200.35,True,10025,failure,14893,239c7a0b,sg,q32,239c_tpusg,True,7.27,qwen2.5-coder:32b_tpusg_P
none,qwen2.5-coder:32b_1974_tpusg,5137,209.59,True,10025,success,15162,fcff55f9,sg,q32,fcff_tpusg,True,7.27,qwen2.5-coder:32b_tpusg_P
none,qwen2.5-coder:32b_1974_tpusg,5042,203.89,True,7919,success,12961,c6f8a481,sg,q32,c6f8_tpusg,True,7.27,qwen2.5-coder:32b_tpusg_P
none,qwen2.5-coder:32b_1974_tpusg,3833,159.36,True,7928,success,11761,508535c3,sg,q32,5085_tpusg,True,7.27,qwen2.5-coder:32b_tpusg_P
none,qwen2.5-coder:32b_1974_tpusg,3925,162.5,True,7977,success,11902,0ba74e4d,sg,q32,0ba7_tpusg,True,7.27,qwen2.5-coder:32b_tpusg_P
none,qwen2.5-coder:32b_1974_tpusg,4829,199.99,True,10025,failure,14854,d8268468,sg,q32,d826_tpusg,True,7.27,qwen2.5-coder:32b_tpusg_P
none,qwen2.5-coder:32b_1974_tpusg,5314,219.32,True,10025,failure,15339,1e3c0f22,sg,q32,1e3c_tpusg,True,7.27,qwen2.5-coder:32b_tpusg_P
none,qwen2.5-coder:32b_1974_tpusg,3774,157.5,True,7919,success,11693,65092f21,sg,q32,6509_tpusg,True,7.27,qwen2.5-coder:32b_tpusg_P
none,qwen2.5-coder:32b_1974_tpusg,4995,207.18,True,10025,failure,15020,1a156bdc,sg,q32,1a15_tpusg,True,7.27,qwen2.5-coder:32b_tpusg_P
none,qwen2.5-coder:32b_1974_tpusg,3841,160.09,True,7919,success,11760,8a4d3f5d,sg,q32,8a4d_tpusg,True,7.27,qwen2.5-coder:32b_tpusg_P
none,qwen2.5-coder:32b_1974_tpusg,4878,203.95,True,10025,failure,14903,cc081285,sg,q32,cc08_tpusg,True,7.27,qwen2.5-coder:32b_tpusg_P
none,qwen2.5-coder:32b_1974_tpusg,3856,161.91,True,7919,success,11775,abc065b1,sg,q32,abc0_tpusg,True,7.27,qwen2.5-coder:32b_tpusg_P
none,qwen2.5-coder:32b_1974_tpusg,4846,202.82,True,10025,success,14871,d4ef2e0a,sg,q32,d4ef_tpusg,True,7.27,qwen2.5-coder:32b_tpusg_P
none,qwen2.5-coder:32b_1974_tpusg,3974,165.98,True,7977,success,11951,efe335ee,sg,q32,efe3_tpusg,True,7.27,qwen2.5-coder:32b_tpusg_P
none,qwen2.5-coder:32b_373e_psg,2933,87.25,True,7762,failure,10695,20da49c5,sg,q32,20da_pysg,True,8.01,qwen2.5-coder:32b_psg_P
none,qwen2.5-coder:32b_373e_psg,4420,128.3,True,9810,failure,14230,675c8da4,sg,q32,675c_pysg,True,8.01,qwen2.5-coder:32b_psg_P
none,qwen2.5-coder:32b_373e_psg,2318,67.82,True,5714,success,8032,0195c9f3,sg,q32,0195_pysg,True,8.01,qwen2.5-coder:32b_psg_P
none,qwen2.5-coder:32b_373e_psg,4261,124.4,True,9810,failure,14071,81f707d4,sg,q32,81f7_pysg,True,8.01,qwen2.5-coder:32b_psg_P
none,qwen2.5-coder:32b_373e_psg,4123,120.28,True,9810,failure,13933,0eeb009f,sg,q32,0eeb_pysg,True,8.01,qwen2.5-coder:32b_psg_P
none,qwen2.5-coder:32b_373e_psg,4407,127.88,True,9810,failure,14217,b112eaca,sg,q32,b112_pysg,True,8.01,qwen2.5-coder:32b_psg_P
none,qwen2.5-coder:32b_373e_psg,3843,112.75,True,9810,failure,13653,f1f32326,sg,q32,f1f3_pysg,True,8.01,qwen2.5-coder:32b_psg_P
none,qwen2.5-coder:32b_373e_psg,4089,119.33,True,9810,success,13899,1a5be3c4,sg,q32,1a5b_pysg,True,8.01,qwen2.5-coder:32b_psg_P
none,qwen2.5-coder:32b_373e_psg,4103,120.11,True,9810,success,13913,dc4aa75a,sg,q32,dc4a_pysg,True,8.01,qwen2.5-coder:32b_psg_P
none,qwen2.5-coder:32b_373e_psg,6016,171.48,True,9810,success,15826,0bdbe053,sg,q32,0bdb_pysg,True,8.01,qwen2.5-coder:32b_psg_P
none,qwen2.5-coder:32b_373e_psg,4127,120.49,True,9810,success,13937,9b457725,sg,q32,9b45_pysg,True,8.01,qwen2.5-coder:32b_psg_P
none,qwen2.5-coder:32b_373e_psg,4099,119.66,True,9810,failure,13909,ca7777c1,sg,q32,ca77_pysg,True,8.01,qwen2.5-coder:32b_psg_P
none,qwen2.5-coder:32b_373e_psg,4285,124.69,True,9810,failure,14095,4c7699f9,sg,q32,4c76_pysg,True,8.01,qwen2.5-coder:32b_psg_P
none,qwen2.5-coder:32b_373e_psg,6097,173.48,True,9810,failure,15907,4703f778,sg,q32,4703_pysg,True,8.01,qwen2.5-coder:32b_psg_P
none,qwen2.5-coder:32b_373e_psg,5895,167.78,True,9810,failure,15705,19d264cd,sg,q32,19d2_pysg,True,8.01,qwen2.5-coder:32b_psg_P
none,qwen2.5-coder:32b_373e_psg,4029,118.15,True,9810,success,13839,74f91fb6,sg,q32,74f9_pysg,True,8.01,qwen2.5-coder:32b_psg_P
none,qwen2.5-coder:32b_373e_psg,3126,91.57,True,7762,success,10888,7d079da0,sg,q32,7d07_pysg,True,8.01,qwen2.5-coder:32b_psg_P
none,qwen2.5-coder:32b_373e_psg,6837,193.48,True,9810,success,16647,138b1e00,sg,q32,138b_pysg,True,8.01,qwen2.5-coder:32b_psg_P
none,qwen2.5-coder:32b_373e_psg,6355,180.24,True,9810,failure,16165,f813c497,sg,q32,f813_pysg,True,8.01,qwen2.5-coder:32b_psg_P
none,qwen2.5-coder:32b_373e_psg,4291,125.18,True,9810,failure,14101,f80d0462,sg,q32,f80d_pysg,True,8.01,qwen2.5-coder:32b_psg_P
none,qwen2.5-coder:32b_373e_psg,1433,42.07,True,3666,success,5099,df3bf6c2,sg,q32,df3b_pysg,True,8.01,qwen2.5-coder:32b_psg_P
none,qwen2.5-coder:32b_373e_psg,4376,127.76,True,9810,success,14186,d3b85ae3,sg,q32,d3b8_pysg,True,8.01,qwen2.5-coder:32b_psg_P
none,qwen2.5-coder:32b_373e_psg,4543,131.54,True,9810,failure,14353,9f302b71,sg,q32,9f30_pysg,True,8.01,qwen2.5-coder:32b_psg_P
none,qwen2.5-coder:32b_373e_psg,1464,42.91,True,3666,success,5130,b745a7d3,sg,q32,b745_pysg,True,8.01,qwen2.5-coder:32b_psg_P
none,qwen2.5-coder:32b_373e_psg,4037,118.04,True,9810,failure,13847,c765e77f,sg,q32,c765_pysg,True,8.01,qwen2.5-coder:32b_psg_P
none,qwen2.5-coder:32b_373e_psg,4150,121.47,True,9810,failure,13960,bdd5f4cf,sg,q32,bdd5_pysg,True,8.01,qwen2.5-coder:32b_psg_P
none,qwen2.5-coder:32b_373e_psg,6180,175.5,True,9810,failure,15990,b050ab1e,sg,q32,b050_pysg,True,8.01,qwen2.5-coder:32b_psg_P
none,qwen2.5-coder:32b_373e_psg,5263,148.95,True,7762,success,13025,b3bcecdb,sg,q32,b3bc_pysg,True,8.01,qwen2.5-coder:32b_psg_P
none,qwen2.5-coder:32b_373e_psg,4294,124.96,True,9810,failure,14104,ef2cfc48,sg,q32,ef2c_pysg,True,8.01,qwen2.5-coder:32b_psg_P
none,qwen2.5-coder:32b_373e_psg,4230,123.38,True,9810,failure,14040,6beb3986,sg,q32,6beb_pysg,True,8.01,qwen2.5-coder:32b_psg_P
none,qwen2.5-coder:32b_373e_tpusg,5243,205.07,True,10025,failure,15268,59c631ae,sg,q32,59c6_tpusg,True,8.01,qwen2.5-coder:32b_tpusg_P
none,qwen2.5-coder:32b_373e_tpusg,3067,88.23,True,5929,success,8996,5692b90a,sg,q32,5692_tpusg,True,8.01,qwen2.5-coder:32b_tpusg_P
none,qwen2.5-coder:32b_373e_tpusg,5273,154.24,True,10025,failure,15298,2fb081fe,sg,q32,2fb0_tpusg,True,8.01,qwen2.5-coder:32b_tpusg_P
none,qwen2.5-coder:32b_373e_tpusg,5272,151.91,True,10025,failure,15297,fb2aba96,sg,q32,fb2a_tpusg,True,8.01,qwen2.5-coder:32b_tpusg_P
none,qwen2.5-coder:32b_373e_tpusg,5352,154.19,True,10025,failure,15377,aadc63d1,sg,q32,aadc_tpusg,True,8.01,qwen2.5-coder:32b_tpusg_P
none,qwen2.5-coder:32b_373e_tpusg,5439,155.87,True,10025,failure,15464,edc25797,sg,q32,edc2_tpusg,True,8.01,qwen2.5-coder:32b_tpusg_P
none,qwen2.5-coder:32b_373e_tpusg,5321,152.75,True,10025,failure,15346,cbf5684e,sg,q32,cbf5_tpusg,True,8.01,qwen2.5-coder:32b_tpusg_P
none,qwen2.5-coder:32b_373e_tpusg,5439,156.8,True,10025,failure,15464,0414d6c1,sg,q32,0414_tpusg,True,8.01,qwen2.5-coder:32b_tpusg_P
none,qwen2.5-coder:32b_373e_tpusg,5276,151.6,True,10025,failure,15301,057fe0b1,sg,q32,057f_tpusg,True,8.01,qwen2.5-coder:32b_tpusg_P
none,qwen2.5-coder:32b_373e_tpusg,5762,164.93,True,10025,failure,15787,bc8950af,sg,q32,bc89_tpusg,True,8.01,qwen2.5-coder:32b_tpusg_P
none,qwen2.5-coder:32b_373e_tpusg,5279,151.76,True,10025,success,15304,deb17537,sg,q32,deb1_tpusg,True,8.01,qwen2.5-coder:32b_tpusg_P
none,qwen2.5-coder:32b_373e_tpusg,5201,150.45,True,10025,failure,15226,7f895d3e,sg,q32,7f89_tpusg,True,8.01,qwen2.5-coder:32b_tpusg_P
none,qwen2.5-coder:32b_373e_tpusg,5311,152.45,True,10025,failure,15336,0300d23e,sg,q32,0300_tpusg,True,8.01,qwen2.5-coder:32b_tpusg_P
none,qwen2.5-coder:32b_373e_tpusg,5284,151.75,True,10025,failure,15309,b53a5967,sg,q32,b53a_tpusg,True,8.01,qwen2.5-coder:32b_tpusg_P
none,qwen2.5-coder:32b_373e_tpusg,5241,151.08,True,10025,failure,15266,2b2c9e0b,sg,q32,2b2c_tpusg,True,8.01,qwen2.5-coder:32b_tpusg_P
none,qwen2.5-coder:32b_373e_tpusg,3177,91.17,True,5929,success,9106,1957a8d2,sg,q32,1957_tpusg,True,8.01,qwen2.5-coder:32b_tpusg_P
none,qwen2.5-coder:32b_373e_tpusg,3034,87.4,True,5929,success,8963,d4279457,sg,q32,d427_tpusg,True,8.01,qwen2.5-coder:32b_tpusg_P
none,qwen2.5-coder:32b_373e_tpusg,3123,90.78,True,5929,success,9052,3d56a955,sg,q32,3d56_tpusg,True,8.01,qwen2.5-coder:32b_tpusg_P
none,qwen2.5-coder:32b_373e_tpusg,5171,148.9,True,10025,failure,15196,f1fd4daf,sg,q32,f1fd_tpusg,True,8.01,qwen2.5-coder:32b_tpusg_P
none,qwen2.5-coder:32b_373e_tpusg,5247,150.8,True,10025,failure,15272,b458eb18,sg,q32,b458_tpusg,True,8.01,qwen2.5-coder:32b_tpusg_P
none,qwen2.5-coder:32b_373e_tpusg,5320,152.66,True,10025,success,15345,c8f4f7fe,sg,q32,c8f4_tpusg,True,8.01,qwen2.5-coder:32b_tpusg_P
none,qwen2.5-coder:32b_373e_tpusg,5366,155.22,True,10025,failure,15391,5f1f0f5a,sg,q32,5f1f_tpusg,True,8.01,qwen2.5-coder:32b_tpusg_P
none,qwen2.5-coder:32b_373e_tpusg,5321,152.96,True,10025,failure,15346,7b37072a,sg,q32,7b37_tpusg,True,8.01,qwen2.5-coder:32b_tpusg_P
none,qwen2.5-coder:32b_373e_tpusg,5266,151.34,True,10025,failure,15291,4a32a6aa,sg,q32,4a32_tpusg,True,8.01,qwen2.5-coder:32b_tpusg_P
none,qwen2.5-coder:32b_373e_tpusg,5316,152.56,True,10025,success,15341,102c2bea,sg,q32,102c_tpusg,True,8.01,qwen2.5-coder:32b_tpusg_P
none,qwen2.5-coder:32b_373e_tpusg,5416,155.69,True,10025,failure,15441,d959b910,sg,q32,d959_tpusg,True,8.01,qwen2.5-coder:32b_tpusg_P
none,qwen2.5-coder:32b_373e_tpusg,5369,154.28,True,10025,failure,15394,07423739,sg,q32,0742_tpusg,True,8.01,qwen2.5-coder:32b_tpusg_P
none,qwen2.5-coder:32b_373e_tpusg,5401,155.05,True,10025,failure,15426,eaad5bed,sg,q32,eaad_tpusg,True,8.01,qwen2.5-coder:32b_tpusg_P
none,qwen2.5-coder:32b_373e_tpusg,5329,152.89,True,10025,failure,15354,31f7a5fb,sg,q32,31f7_tpusg,True,8.01,qwen2.5-coder:32b_tpusg_P
none,qwen2.5-coder:32b_373e_tpusg,5412,155.04,True,10025,failure,15437,9187f281,sg,q32,9187_tpusg,True,8.01,qwen2.5-coder:32b_tpusg_P
none,qwen2.5-coder:32b_4e11_tpusg,794,96.38,False,1819,success,2613,d788d147,sg,q32,d788_tpusg,False,7.27,qwen2.5-coder:32b_tpusg_NP
none,qwen2.5-coder:32b_4e11_tpusg,839,36.69,False,1819,success,2658,e6fbe36c,sg,q32,e6fb_tpusg,False,7.27,qwen2.5-coder:32b_tpusg_NP
none,qwen2.5-coder:32b_4e11_tpusg,777,34.13,False,1819,success,2596,9e9242c6,sg,q32,9e92_tpusg,False,7.27,qwen2.5-coder:32b_tpusg_NP
none,qwen2.5-coder:32b_4e11_tpusg,840,36.76,False,1819,success,2659,159fbf7b,sg,q32,159f_tpusg,False,7.27,qwen2.5-coder:32b_tpusg_NP
none,qwen2.5-coder:32b_4e11_tpusg,940,40.34,False,1819,success,2759,faa96707,sg,q32,faa9_tpusg,False,7.27,qwen2.5-coder:32b_tpusg_NP
none,qwen2.5-coder:32b_4e11_tpusg,859,36.81,False,1819,success,2678,2e9ee915,sg,q32,2e9e_tpusg,False,7.27,qwen2.5-coder:32b_tpusg_NP
none,qwen2.5-coder:32b_4e11_tpusg,874,37.39,False,1819,success,2693,0af97ce2,sg,q32,0af9_tpusg,False,7.27,qwen2.5-coder:32b_tpusg_NP
none,qwen2.5-coder:32b_4e11_tpusg,2829,122.71,False,5915,success,8744,e5893c18,sg,q32,e589_tpusg,False,7.27,qwen2.5-coder:32b_tpusg_NP
none,qwen2.5-coder:32b_4e11_tpusg,1952,82.68,False,3867,success,5819,2d6f3d6b,sg,q32,2d6f_tpusg,False,7.27,qwen2.5-coder:32b_tpusg_NP
none,qwen2.5-coder:32b_4e11_tpusg,815,35.0,False,1819,success,2634,613dc8c4,sg,q32,613d_tpusg,False,7.27,qwen2.5-coder:32b_tpusg_NP
none,qwen2.5-coder:32b_4e11_tpusg,4386,183.86,False,7963,success,12349,c344c50d,sg,q32,c344_tpusg,False,7.27,qwen2.5-coder:32b_tpusg_NP
none,qwen2.5-coder:32b_57d5_psg,4427,160.31,True,9810,failure,14237,cdd7ce75,sg,q32,cdd7_pysg,True,8.06,qwen2.5-coder:32b_psg_P
none,qwen2.5-coder:32b_57d5_psg,4319,126.8,True,9810,failure,14129,e31dac57,sg,q32,e31d_pysg,True,8.06,qwen2.5-coder:32b_psg_P
none,qwen2.5-coder:32b_57d5_psg,4375,128.47,True,9810,failure,14185,2532af42,sg,q32,2532_pysg,True,8.06,qwen2.5-coder:32b_psg_P
none,qwen2.5-coder:32b_57d5_psg,3943,116.63,True,9810,failure,13753,312df097,sg,q32,312d_pysg,True,8.06,qwen2.5-coder:32b_psg_P
none,qwen2.5-coder:32b_57d5_psg,3899,115.41,True,9810,success,13709,6f0a9c71,sg,q32,6f0a_pysg,True,8.06,qwen2.5-coder:32b_psg_P
none,qwen2.5-coder:32b_57d5_psg,3499,102.58,True,7762,success,11261,4dad7e9c,sg,q32,4dad_pysg,True,8.06,qwen2.5-coder:32b_psg_P
none,qwen2.5-coder:32b_57d5_psg,4031,119.0,True,9810,failure,13841,1fec515b,sg,q32,1fec_pysg,True,8.06,qwen2.5-coder:32b_psg_P
none,qwen2.5-coder:32b_57d5_psg,3387,99.46,True,7762,failure,11149,9b3c57f2,sg,q32,9b3c_pysg,True,8.06,qwen2.5-coder:32b_psg_P
none,qwen2.5-coder:32b_57d5_psg,2296,68.14,True,5714,success,8010,e654fb77,sg,q32,e654_pysg,True,8.06,qwen2.5-coder:32b_psg_P
none,qwen2.5-coder:32b_57d5_psg,4276,125.69,True,9810,failure,14086,c23407e3,sg,q32,c234_pysg,True,8.06,qwen2.5-coder:32b_psg_P
none,qwen2.5-coder:32b_57d5_psg,4250,124.92,True,9810,failure,14060,6085fec9,sg,q32,6085_pysg,True,8.06,qwen2.5-coder:32b_psg_P
none,qwen2.5-coder:32b_57d5_psg,4157,122.38,True,9810,success,13967,dad14789,sg,q32,dad1_pysg,True,8.06,qwen2.5-coder:32b_psg_P
none,qwen2.5-coder:32b_57d5_psg,3849,114.03,True,9810,failure,13659,93b1ba77,sg,q32,93b1_pysg,True,8.06,qwen2.5-coder:32b_psg_P
none,qwen2.5-coder:32b_57d5_psg,3165,93.51,True,7762,success,10927,5c5fb4b9,sg,q32,5c5f_pysg,True,8.06,qwen2.5-coder:32b_psg_P
none,qwen2.5-coder:32b_57d5_psg,5989,171.85,True,9810,success,15799,f7d148ee,sg,q32,f7d1_pysg,True,8.06,qwen2.5-coder:32b_psg_P
none,qwen2.5-coder:32b_57d5_psg,4289,126.14,True,9810,failure,14099,83d7f518,sg,q32,83d7_pysg,True,8.06,qwen2.5-coder:32b_psg_P
none,qwen2.5-coder:32b_57d5_psg,4121,121.43,True,9810,failure,13931,d0a7ba61,sg,q32,d0a7_pysg,True,8.06,qwen2.5-coder:32b_psg_P
none,qwen2.5-coder:32b_57d5_psg,4302,126.41,True,9810,failure,14112,3b73a4c5,sg,q32,3b73_pysg,True,8.06,qwen2.5-coder:32b_psg_P
none,qwen2.5-coder:32b_57d5_psg,4033,119.03,True,9810,failure,13843,e040a4ae,sg,q32,e040_pysg,True,8.06,qwen2.5-coder:32b_psg_P
none,qwen2.5-coder:32b_57d5_psg,4303,126.37,True,9810,failure,14113,eadb81f5,sg,q32,eadb_pysg,True,8.06,qwen2.5-coder:32b_psg_P
none,qwen2.5-coder:32b_57d5_psg,4187,123.23,True,9810,failure,13997,0815f7a4,sg,q32,0815_pysg,True,8.06,qwen2.5-coder:32b_psg_P
none,qwen2.5-coder:32b_57d5_psg,3916,115.87,True,9810,failure,13726,124cb877,sg,q32,124c_pysg,True,8.06,qwen2.5-coder:32b_psg_P
none,qwen2.5-coder:32b_57d5_psg,3109,92.02,True,7762,success,10871,1203ce74,sg,q32,1203_pysg,True,8.06,qwen2.5-coder:32b_psg_P
none,qwen2.5-coder:32b_57d5_psg,5891,169.48,True,9810,failure,15701,3f84b16f,sg,q32,3f84_pysg,True,8.06,qwen2.5-coder:32b_psg_P
none,qwen2.5-coder:32b_57d5_psg,4375,128.36,True,9810,failure,14185,cd720392,sg,q32,cd72_pysg,True,8.06,qwen2.5-coder:32b_psg_P
none,qwen2.5-coder:32b_57d5_psg,3294,97.0,True,7762,success,11056,2b5e2cde,sg,q32,2b5e_pysg,True,8.06,qwen2.5-coder:32b_psg_P
none,qwen2.5-coder:32b_57d5_psg,3980,117.62,True,9810,success,13790,844edcf2,sg,q32,844e_pysg,True,8.06,qwen2.5-coder:32b_psg_P
none,qwen2.5-coder:32b_57d5_psg,3186,94.11,True,7762,success,10948,567d0eb1,sg,q32,567d_pysg,True,8.06,qwen2.5-coder:32b_psg_P
none,qwen2.5-coder:32b_57d5_psg,4145,122.11,True,9810,failure,13955,e8b4b31b,sg,q32,e8b4_pysg,True,8.06,qwen2.5-coder:32b_psg_P
none,qwen2.5-coder:32b_57d5_psg,8181,231.35,True,9810,failure,17991,fefb0e6d,sg,q32,fefb_pysg,True,8.06,qwen2.5-coder:32b_psg_P
none,qwen2.5-coder:32b_5f8b_psg,625,18.41,False,1618,success,2243,c0004393,sg,q32,c000_pysg,False,7.31,qwen2.5-coder:32b_psg_NP
none,qwen2.5-coder:32b_5f8b_psg,4274,124.71,False,9810,success,14084,437e7e5a,sg,q32,437e_pysg,False,7.31,qwen2.5-coder:32b_psg_NP
none,qwen2.5-coder:32b_5f8b_psg,4979,143.62,False,9810,failure,14789,61e0db6f,sg,q32,61e0_pysg,False,7.31,qwen2.5-coder:32b_psg_NP
none,qwen2.5-coder:32b_5f8b_psg,4167,121.76,False,9810,failure,13977,e49cd803,sg,q32,e49c_pysg,False,7.31,qwen2.5-coder:32b_psg_NP
none,qwen2.5-coder:32b_5f8b_psg,781,22.61,False,1618,success,2399,28ac1b69,sg,q32,28ac_pysg,False,7.31,qwen2.5-coder:32b_psg_NP
none,qwen2.5-coder:32b_5f8b_psg,4567,132.21,False,9810,failure,14377,94e4bf62,sg,q32,94e4_pysg,False,7.31,qwen2.5-coder:32b_psg_NP
none,qwen2.5-coder:32b_5f8b_psg,4414,128.16,False,9810,failure,14224,94cd742c,sg,q32,94cd_pysg,False,7.31,qwen2.5-coder:32b_psg_NP
none,qwen2.5-coder:32b_5f8b_psg,713,20.77,False,1618,success,2331,ed2c6bb7,sg,q32,ed2c_pysg,False,7.31,qwen2.5-coder:32b_psg_NP
none,qwen2.5-coder:32b_5f8b_psg,4598,133.26,False,9810,failure,14408,35fda73b,sg,q32,35fd_pysg,False,7.31,qwen2.5-coder:32b_psg_NP
none,qwen2.5-coder:32b_5f8b_psg,3705,107.18,False,7762,success,11467,717c04c8,sg,q32,717c_pysg,False,7.31,qwen2.5-coder:32b_psg_NP
none,qwen2.5-coder:32b_5f8b_psg,4296,125.23,False,9810,success,14106,c52521ae,sg,q32,c525_pysg,False,7.31,qwen2.5-coder:32b_psg_NP
none,qwen2.5-coder:32b_5f8b_psg,768,22.45,False,1618,success,2386,9a73c42e,sg,q32,9a73_pysg,False,7.31,qwen2.5-coder:32b_psg_NP
none,qwen2.5-coder:32b_5f8b_psg,2891,83.31,False,5714,success,8605,8fb2e279,sg,q32,8fb2_pysg,False,7.31,qwen2.5-coder:32b_psg_NP
none,qwen2.5-coder:32b_5f8b_psg,4176,121.76,False,9810,failure,13986,2068d47a,sg,q32,2068_pysg,False,7.31,qwen2.5-coder:32b_psg_NP
none,qwen2.5-coder:32b_5f8b_psg,4609,133.38,False,9810,failure,14419,76a869e7,sg,q32,76a8_pysg,False,7.31,qwen2.5-coder:32b_psg_NP
none,qwen2.5-coder:32b_5f8b_psg,669,19.61,False,1618,success,2287,32055c79,sg,q32,3205_pysg,False,7.31,qwen2.5-coder:32b_psg_NP
none,qwen2.5-coder:32b_5f8b_psg,657,19.29,False,1618,success,2275,6eab045c,sg,q32,6eab_pysg,False,7.31,qwen2.5-coder:32b_psg_NP
none,qwen2.5-coder:32b_5f8b_psg,2778,80.42,False,5714,success,8492,547e277f,sg,q32,547e_pysg,False,7.31,qwen2.5-coder:32b_psg_NP
none,qwen2.5-coder:32b_5f8b_psg,3693,106.95,False,7762,success,11455,69f5b3ec,sg,q32,69f5_pysg,False,7.31,qwen2.5-coder:32b_psg_NP
none,qwen2.5-coder:32b_5f8b_psg,1450,42.81,False,3666,success,5116,fb6d1351,sg,q32,fb6d_pysg,False,7.31,qwen2.5-coder:32b_psg_NP
none,qwen2.5-coder:32b_5f8b_psg,4172,121.85,False,9810,failure,13982,2a58fdf6,sg,q32,2a58_pysg,False,7.31,qwen2.5-coder:32b_psg_NP
none,qwen2.5-coder:32b_5f8b_psg,652,19.51,False,1618,success,2270,552935a5,sg,q32,5529_pysg,False,7.31,qwen2.5-coder:32b_psg_NP
none,qwen2.5-coder:32b_5f8b_psg,4318,125.64,False,9810,failure,14128,ce60f163,sg,q32,ce60_pysg,False,7.31,qwen2.5-coder:32b_psg_NP
none,qwen2.5-coder:32b_5f8b_psg,2938,84.48,False,5714,success,8652,0e9893b9,sg,q32,0e98_pysg,False,7.31,qwen2.5-coder:32b_psg_NP
none,qwen2.5-coder:32b_5f8b_psg,4564,132.32,False,9810,failure,14374,6bc957ca,sg,q32,6bc9_pysg,False,7.31,qwen2.5-coder:32b_psg_NP
none,qwen2.5-coder:32b_5f8b_psg,4279,124.67,False,9810,failure,14089,4f7de499,sg,q32,4f7d_pysg,False,7.31,qwen2.5-coder:32b_psg_NP
none,qwen2.5-coder:32b_5f8b_psg,709,20.66,False,1618,success,2327,60a4a2c5,sg,q32,60a4_pysg,False,7.31,qwen2.5-coder:32b_psg_NP
none,qwen2.5-coder:32b_5f8b_psg,638,18.76,False,1618,success,2256,896544b2,sg,q32,8965_pysg,False,7.31,qwen2.5-coder:32b_psg_NP
none,qwen2.5-coder:32b_5f8b_psg,4424,128.96,False,9810,failure,14234,ab57a108,sg,q32,ab57_pysg,False,7.31,qwen2.5-coder:32b_psg_NP
none,qwen2.5-coder:32b_5f8b_psg,683,19.96,False,1618,success,2301,778913e5,sg,q32,7789_pysg,False,7.31,qwen2.5-coder:32b_psg_NP
none,qwen2.5-coder:32b_5f8b_tpusg,1856,54.38,False,3881,success,5737,eb6a0564,sg,q32,eb6a_tpusg,False,7.31,qwen2.5-coder:32b_tpusg_NP
none,qwen2.5-coder:32b_5f8b_tpusg,5346,153.74,False,10025,failure,15371,b307c016,sg,q32,b307_tpusg,False,7.31,qwen2.5-coder:32b_tpusg_NP
none,qwen2.5-coder:32b_5f8b_tpusg,780,22.85,False,1833,success,2613,261fca44,sg,q32,261f_tpusg,False,7.31,qwen2.5-coder:32b_tpusg_NP
none,qwen2.5-coder:32b_5f8b_tpusg,1677,49.0,False,3881,success,5558,174b4dc4,sg,q32,174b_tpusg,False,7.31,qwen2.5-coder:32b_tpusg_NP
none,qwen2.5-coder:32b_5f8b_tpusg,1785,51.94,False,3881,success,5666,b80d0266,sg,q32,b80d_tpusg,False,7.31,qwen2.5-coder:32b_tpusg_NP
none,qwen2.5-coder:32b_5f8b_tpusg,1983,58.04,False,3881,success,5864,abc6094b,sg,q32,abc6_tpusg,False,7.31,qwen2.5-coder:32b_tpusg_NP
none,qwen2.5-coder:32b_5f8b_tpusg,876,25.51,False,1833,success,2709,ffd6c319,sg,q32,ffd6_tpusg,False,7.31,qwen2.5-coder:32b_tpusg_NP
none,qwen2.5-coder:32b_5f8b_tpusg,1817,52.74,False,3881,success,5698,fbb02c94,sg,q32,fbb0_tpusg,False,7.31,qwen2.5-coder:32b_tpusg_NP
none,qwen2.5-coder:32b_5f8b_tpusg,865,25.25,False,1833,success,2698,d3e23cb1,sg,q32,d3e2_tpusg,False,7.31,qwen2.5-coder:32b_tpusg_NP
none,qwen2.5-coder:32b_5f8b_tpusg,3350,95.73,False,5929,success,9279,26f3a426,sg,q32,26f3_tpusg,False,7.31,qwen2.5-coder:32b_tpusg_NP
none,qwen2.5-coder:32b_5f8b_tpusg,849,24.95,False,1833,success,2682,93b1a11e,sg,q32,93b1_tpusg,False,7.31,qwen2.5-coder:32b_tpusg_NP
none,qwen2.5-coder:32b_5f8b_tpusg,804,23.52,False,1833,success,2637,bcd79d19,sg,q32,bcd7_tpusg,False,7.31,qwen2.5-coder:32b_tpusg_NP
none,qwen2.5-coder:32b_5f8b_tpusg,1960,56.56,False,3881,success,5841,09da0adb,sg,q32,09da_tpusg,False,7.31,qwen2.5-coder:32b_tpusg_NP
none,qwen2.5-coder:32b_5f8b_tpusg,894,26.32,False,1833,success,2727,058cf412,sg,q32,058c_tpusg,False,7.31,qwen2.5-coder:32b_tpusg_NP
none,qwen2.5-coder:32b_5f8b_tpusg,1908,55.27,False,3881,success,5789,632e0b92,sg,q32,632e_tpusg,False,7.31,qwen2.5-coder:32b_tpusg_NP
none,qwen2.5-coder:32b_5f8b_tpusg,895,26.04,False,1833,success,2728,ab6c2ab5,sg,q32,ab6c_tpusg,False,7.31,qwen2.5-coder:32b_tpusg_NP
none,qwen2.5-coder:32b_5f8b_tpusg,804,23.59,False,1833,success,2637,597a0024,sg,q32,597a_tpusg,False,7.31,qwen2.5-coder:32b_tpusg_NP
none,qwen2.5-coder:32b_5f8b_tpusg,821,24.22,False,1833,success,2654,f325a6d6,sg,q32,f325_tpusg,False,7.31,qwen2.5-coder:32b_tpusg_NP
none,qwen2.5-coder:32b_5f8b_tpusg,1887,54.7,False,3881,success,5768,38f50e62,sg,q32,38f5_tpusg,False,7.31,qwen2.5-coder:32b_tpusg_NP
none,qwen2.5-coder:32b_5f8b_tpusg,2154,61.73,False,3881,success,6035,20474b49,sg,q32,2047_tpusg,False,7.31,qwen2.5-coder:32b_tpusg_NP
none,qwen2.5-coder:32b_5f8b_tpusg,1938,56.0,False,3881,success,5819,dbbd6b1f,sg,q32,dbbd_tpusg,False,7.31,qwen2.5-coder:32b_tpusg_NP
none,qwen2.5-coder:32b_5f8b_tpusg,737,21.72,False,1833,success,2570,60ed3a82,sg,q32,60ed_tpusg,False,7.31,qwen2.5-coder:32b_tpusg_NP
none,qwen2.5-coder:32b_5f8b_tpusg,805,23.69,False,1833,success,2638,d6190917,sg,q32,d619_tpusg,False,7.31,qwen2.5-coder:32b_tpusg_NP
none,qwen2.5-coder:32b_5f8b_tpusg,802,23.59,False,1833,success,2635,dbe124f3,sg,q32,dbe1_tpusg,False,7.31,qwen2.5-coder:32b_tpusg_NP
none,qwen2.5-coder:32b_5f8b_tpusg,835,24.38,False,1833,success,2668,0611d01c,sg,q32,0611_tpusg,False,7.31,qwen2.5-coder:32b_tpusg_NP
none,qwen2.5-coder:32b_5f8b_tpusg,3898,112.94,False,7977,success,11875,4bf738e6,sg,q32,4bf7_tpusg,False,7.31,qwen2.5-coder:32b_tpusg_NP
none,qwen2.5-coder:32b_5f8b_tpusg,1023,33.16,False,1833,success,2856,6dc88192,sg,q32,6dc8_tpusg,False,7.31,qwen2.5-coder:32b_tpusg_NP
none,qwen2.5-coder:32b_5f8b_tpusg,1757,51.13,False,3881,success,5638,b30635f8,sg,q32,b306_tpusg,False,7.31,qwen2.5-coder:32b_tpusg_NP
none,qwen2.5-coder:32b_5f8b_tpusg,786,23.02,False,1833,success,2619,23acc529,sg,q32,23ac_tpusg,False,7.31,qwen2.5-coder:32b_tpusg_NP
none,qwen2.5-coder:32b_5f8b_tpusg,949,27.45,False,1833,success,2782,ee350373,sg,q32,ee35_tpusg,False,7.31,qwen2.5-coder:32b_tpusg_NP
none,qwen2.5-coder:32b_ae24_tpusg,5099,218.03,False,10011,failure,15110,ae61b594,sg,q32,ae61_tpusg,False,7.27,qwen2.5-coder:32b_tpusg_NP
none,qwen2.5-coder:32b_ae24_tpusg,905,26.58,False,1819,success,2724,27eeb6be,sg,q32,27ee_tpusg,False,7.27,qwen2.5-coder:32b_tpusg_NP
none,qwen2.5-coder:32b_ae24_tpusg,897,26.23,False,1819,success,2716,70a91c51,sg,q32,70a9_tpusg,False,7.27,qwen2.5-coder:32b_tpusg_NP
none,qwen2.5-coder:32b_ae24_tpusg,3990,116.05,False,7963,success,11953,725dcebe,sg,q32,725d_tpusg,False,7.27,qwen2.5-coder:32b_tpusg_NP
none,qwen2.5-coder:32b_ae24_tpusg,2846,83.12,False,5915,success,8761,aebfebdb,sg,q32,aebf_tpusg,False,7.27,qwen2.5-coder:32b_tpusg_NP
none,qwen2.5-coder:32b_ae24_tpusg,768,22.69,False,1819,success,2587,edc64c30,sg,q32,edc6_tpusg,False,7.27,qwen2.5-coder:32b_tpusg_NP
none,qwen2.5-coder:32b_ae24_tpusg,1889,64.48,False,3867,success,5756,820bde22,sg,q32,820b_tpusg,False,7.27,qwen2.5-coder:32b_tpusg_NP
none,qwen2.5-coder:32b_ae24_tpusg,790,24.34,False,1819,success,2609,2e49d667,sg,q32,2e49_tpusg,False,7.27,qwen2.5-coder:32b_tpusg_NP
none,qwen2.5-coder:32b_ae24_tpusg,5220,156.31,False,10011,failure,15231,295b7bd5,sg,q32,295b_tpusg,False,7.27,qwen2.5-coder:32b_tpusg_NP
none,qwen2.5-coder:32b_ae24_tpusg,1770,53.86,False,3867,success,5637,9ea6e58c,sg,q32,9ea6_tpusg,False,7.27,qwen2.5-coder:32b_tpusg_NP
none,qwen2.5-coder:32b_ae24_tpusg,4506,131.64,False,7963,success,12469,55476dad,sg,q32,5547_tpusg,False,7.27,qwen2.5-coder:32b_tpusg_NP
none,qwen2.5-coder:32b_ae24_tpusg,800,24.02,False,1819,success,2619,1b62b3d4,sg,q32,1b62_tpusg,False,7.27,qwen2.5-coder:32b_tpusg_NP
none,qwen2.5-coder:32b_ae24_tpusg,1841,64.74,False,3867,success,5708,99429558,sg,q32,9942_tpusg,False,7.27,qwen2.5-coder:32b_tpusg_NP
none,qwen2.5-coder:32b_ae24_tpusg,847,39.4,False,1819,success,2666,10b03f33,sg,q32,10b0_tpusg,False,7.27,qwen2.5-coder:32b_tpusg_NP
none,qwen2.5-coder:32b_ae24_tpusg,1888,56.95,False,3867,success,5755,a8c38329,sg,q32,a8c3_tpusg,False,7.27,qwen2.5-coder:32b_tpusg_NP
none,qwen2.5-coder:32b_ae24_tpusg,850,25.58,False,1819,success,2669,8955aa03,sg,q32,8955_tpusg,False,7.27,qwen2.5-coder:32b_tpusg_NP
none,qwen2.5-coder:32b_ae24_tpusg,858,25.37,False,1819,success,2677,c0e0adb7,sg,q32,c0e0_tpusg,False,7.27,qwen2.5-coder:32b_tpusg_NP
none,qwen2.5-coder:32b_ae24_tpusg,2598,76.43,False,5915,success,8513,b9b901f7,sg,q32,b9b9_tpusg,False,7.27,qwen2.5-coder:32b_tpusg_NP
none,qwen2.5-coder:32b_ae24_tpusg,3835,112.03,False,7963,success,11798,afad0c8e,sg,q32,afad_tpusg,False,7.27,qwen2.5-coder:32b_tpusg_NP
none,qwen2.5-coder:32b_c8a6_psg,4284,124.82,True,9810,failure,14094,33096ae3,sg,q32,3309_pysg,True,8.06,qwen2.5-coder:32b_psg_P
none,qwen2.5-coder:32b_c8a6_psg,3204,93.91,True,7762,success,10966,a66df864,sg,q32,a66d_pysg,True,8.06,qwen2.5-coder:32b_psg_P
none,qwen2.5-coder:32b_c8a6_psg,4093,119.47,True,9810,success,13903,a9a3054a,sg,q32,a9a3_pysg,True,8.06,qwen2.5-coder:32b_psg_P
none,qwen2.5-coder:32b_c8a6_psg,1433,42.08,True,3666,success,5099,257addd3,sg,q32,257a_pysg,True,8.06,qwen2.5-coder:32b_psg_P
none,qwen2.5-coder:32b_c8a6_psg,4433,128.62,True,9810,failure,14243,c828309a,sg,q32,c828_pysg,True,8.06,qwen2.5-coder:32b_psg_P
none,qwen2.5-coder:32b_c8a6_psg,4142,120.76,True,9810,success,13952,6fcfa7c9,sg,q32,6fcf_pysg,True,8.06,qwen2.5-coder:32b_psg_P
none,qwen2.5-coder:32b_c8a6_psg,3162,92.96,True,7762,success,10924,c92d280c,sg,q32,c92d_pysg,True,8.06,qwen2.5-coder:32b_psg_P
none,qwen2.5-coder:32b_c8a6_psg,4383,127.33,True,9810,failure,14193,59112c33,sg,q32,5911_pysg,True,8.06,qwen2.5-coder:32b_psg_P
none,qwen2.5-coder:32b_c8a6_psg,4116,120.12,True,9810,failure,13926,c75311bc,sg,q32,c753_pysg,True,8.06,qwen2.5-coder:32b_psg_P
none,qwen2.5-coder:32b_c8a6_psg,4194,122.94,True,9810,success,14004,d3e24608,sg,q32,d3e2_pysg,True,8.06,qwen2.5-coder:32b_psg_P
none,qwen2.5-coder:32b_c8a6_psg,3982,116.56,True,9810,failure,13792,3edd7b90,sg,q32,3edd_pysg,True,8.06,qwen2.5-coder:32b_psg_P
none,qwen2.5-coder:32b_c8a6_psg,2304,67.45,True,5714,success,8018,805a4feb,sg,q32,805a_pysg,True,8.06,qwen2.5-coder:32b_psg_P
none,qwen2.5-coder:32b_c8a6_psg,3949,115.69,True,9810,success,13759,e041a468,sg,q32,e041_pysg,True,8.06,qwen2.5-coder:32b_psg_P
none,qwen2.5-coder:32b_c8a6_psg,3311,96.53,True,7762,success,11073,b0d126c8,sg,q32,b0d1_pysg,True,8.06,qwen2.5-coder:32b_psg_P
none,qwen2.5-coder:32b_c8a6_psg,4108,119.88,True,9810,failure,13918,0c33442e,sg,q32,0c33_pysg,True,8.06,qwen2.5-coder:32b_psg_P
none,qwen2.5-coder:32b_c8a6_psg,4198,122.44,True,9810,failure,14008,d525ad38,sg,q32,d525_pysg,True,8.06,qwen2.5-coder:32b_psg_P
none,qwen2.5-coder:32b_c8a6_tpusg,5293,151.99,True,10025,failure,15318,e657d7a2,sg,q32,e657_tpusg,True,8.06,qwen2.5-coder:32b_tpusg_P
none,qwen2.5-coder:32b_c8a6_tpusg,5185,149.14,True,10025,failure,15210,cacc6bb9,sg,q32,cacc_tpusg,True,8.06,qwen2.5-coder:32b_tpusg_P
none,qwen2.5-coder:32b_c8a6_tpusg,5376,154.44,True,10025,failure,15401,ea340b98,sg,q32,ea34_tpusg,True,8.06,qwen2.5-coder:32b_tpusg_P
none,qwen2.5-coder:32b_c8a6_tpusg,5404,155.08,True,10025,failure,15429,9a925c55,sg,q32,9a92_tpusg,True,8.06,qwen2.5-coder:32b_tpusg_P
none,qwen2.5-coder:32b_c8a6_tpusg,3165,90.88,True,5929,success,9094,540b7271,sg,q32,540b_tpusg,True,8.06,qwen2.5-coder:32b_tpusg_P
none,qwen2.5-coder:32b_c8a6_tpusg,3073,88.61,True,5929,success,9002,3b1a466e,sg,q32,3b1a_tpusg,True,8.06,qwen2.5-coder:32b_tpusg_P
none,qwen2.5-coder:32b_c8a6_tpusg,5250,150.93,True,10025,failure,15275,fdca041e,sg,q32,fdca_tpusg,True,8.06,qwen2.5-coder:32b_tpusg_P
none,qwen2.5-coder:32b_c8a6_tpusg,5247,151.24,True,10025,failure,15272,00b800ec,sg,q32,00b8_tpusg,True,8.06,qwen2.5-coder:32b_tpusg_P
none,qwen2.5-coder:32b_c8a6_tpusg,5325,153.1,True,10025,failure,15350,c12fbe3a,sg,q32,c12f_tpusg,True,8.06,qwen2.5-coder:32b_tpusg_P
none,qwen2.5-coder:32b_c8a6_tpusg,5294,152.1,True,10025,failure,15319,718ed850,sg,q32,718e_tpusg,True,8.06,qwen2.5-coder:32b_tpusg_P
none,qwen2.5-coder:32b_c8a6_tpusg,5393,154.77,True,10025,failure,15418,9e0f1709,sg,q32,9e0f_tpusg,True,8.06,qwen2.5-coder:32b_tpusg_P
none,qwen2.5-coder:32b_c8a6_tpusg,3047,87.76,True,5929,success,8976,db2d539b,sg,q32,db2d_tpusg,True,8.06,qwen2.5-coder:32b_tpusg_P
none,qwen2.5-coder:32b_c8a6_tpusg,5342,153.56,True,10025,failure,15367,4ac70288,sg,q32,4ac7_tpusg,True,8.06,qwen2.5-coder:32b_tpusg_P
none,qwen2.5-coder:32b_c8a6_tpusg,5340,153.45,True,10025,success,15365,d8434420,sg,q32,d843_tpusg,True,8.06,qwen2.5-coder:32b_tpusg_P
none,qwen2.5-coder:32b_c8a6_tpusg,5365,154.19,True,10025,failure,15390,79813ea0,sg,q32,7981_tpusg,True,8.06,qwen2.5-coder:32b_tpusg_P
none,qwen2.5-coder:32b_c8a6_tpusg,5346,153.38,True,10025,failure,15371,5b3f978f,sg,q32,5b3f_tpusg,True,8.06,qwen2.5-coder:32b_tpusg_P
none,qwen2.5-coder:32b_c8a6_tpusg,3143,90.37,True,5929,success,9072,1905c54c,sg,q32,1905_tpusg,True,8.06,qwen2.5-coder:32b_tpusg_P
none,qwen2.5-coder:32b_c8a6_tpusg,3059,88.15,True,5929,success,8988,56632124,sg,q32,5663_tpusg,True,8.06,qwen2.5-coder:32b_tpusg_P
none,qwen2.5-coder:32b_c8a6_tpusg,5391,154.84,True,10025,failure,15416,0931951a,sg,q32,0931_tpusg,True,8.06,qwen2.5-coder:32b_tpusg_P
none,qwen2.5-coder:32b_c8a6_tpusg,6250,177.71,True,10025,success,16275,9675ade3,sg,q32,9675_tpusg,True,8.06,qwen2.5-coder:32b_tpusg_P
none,qwen2.5-coder:32b_c8a6_tpusg,5212,150.6,True,10025,failure,15237,3a420609,sg,q32,3a42_tpusg,True,8.06,qwen2.5-coder:32b_tpusg_P
none,qwen2.5-coder:32b_c8a6_tpusg,3124,89.74,True,5929,success,9053,e8337c0b,sg,q32,e833_tpusg,True,8.06,qwen2.5-coder:32b_tpusg_P
none,qwen2.5-coder:32b_c8a6_tpusg,5237,150.49,True,10025,failure,15262,ae74e72b,sg,q32,ae74_tpusg,True,8.06,qwen2.5-coder:32b_tpusg_P
none,qwen2.5-coder:32b_c8a6_tpusg,4264,122.34,True,7977,success,12241,0c12284a,sg,q32,0c12_tpusg,True,8.06,qwen2.5-coder:32b_tpusg_P
none,qwen2.5-coder:32b_c8a6_tpusg,5290,152.1,True,10025,failure,15315,358a1f5a,sg,q32,358a_tpusg,True,8.06,qwen2.5-coder:32b_tpusg_P
none,qwen2.5-coder:32b_c8a6_tpusg,5295,152.31,True,10025,failure,15320,1c0a7ecc,sg,q32,1c0a_tpusg,True,8.06,qwen2.5-coder:32b_tpusg_P
none,qwen2.5-coder:32b_c8a6_tpusg,6203,176.27,True,10025,failure,16228,70473163,sg,q32,7047_tpusg,True,8.06,qwen2.5-coder:32b_tpusg_P
none,qwen2.5-coder:32b_c8a6_tpusg,5312,152.51,True,10025,failure,15337,ba5ae0bb,sg,q32,ba5a_tpusg,True,8.06,qwen2.5-coder:32b_tpusg_P
none,qwen2.5-coder:32b_c8a6_tpusg,5365,153.86,True,10025,failure,15390,5bedd87c,sg,q32,5bed_tpusg,True,8.06,qwen2.5-coder:32b_tpusg_P
none,qwen2.5-coder:32b_c8a6_tpusg,5271,151.56,True,10025,failure,15296,26571fe8,sg,q32,2657_tpusg,True,8.06,qwen2.5-coder:32b_tpusg_P
none,qwen2.5-coder:32b_ee11_psg,4000,119.08,True,9810,failure,13810,1ea71ae8,sg,q32,1ea7_pysg,True,8.02,qwen2.5-coder:32b_psg_P
none,qwen2.5-coder:32b_ee11_psg,4014,119.33,True,9810,failure,13824,fd99ac1b,sg,q32,fd99_pysg,True,8.02,qwen2.5-coder:32b_psg_P
none,qwen2.5-coder:32b_ee11_psg,4361,128.59,True,9810,failure,14171,85f194fd,sg,q32,85f1_pysg,True,8.02,qwen2.5-coder:32b_psg_P
none,qwen2.5-coder:32b_ee11_psg,4235,125.15,True,9810,failure,14045,a70acfeb,sg,q32,a70a_pysg,True,8.02,qwen2.5-coder:32b_psg_P
none,qwen2.5-coder:32b_ee11_psg,4183,123.82,True,9810,success,13993,4eba3ff0,sg,q32,4eba_pysg,True,8.02,qwen2.5-coder:32b_psg_P
none,qwen2.5-coder:32b_ee11_psg,4427,130.3,True,9810,failure,14237,822dffbb,sg,q32,822d_pysg,True,8.02,qwen2.5-coder:32b_psg_P
none,qwen2.5-coder:32b_ee11_psg,5550,160.65,True,9810,failure,15360,86ea1a2b,sg,q32,86ea_pysg,True,8.02,qwen2.5-coder:32b_psg_P
none,qwen2.5-coder:32b_ee11_psg,4330,127.64,True,9810,success,14140,5d9b61ca,sg,q32,5d9b_pysg,True,8.02,qwen2.5-coder:32b_psg_P
none,qwen2.5-coder:32b_ee11_psg,3307,98.02,True,7762,success,11069,45384769,sg,q32,4538_pysg,True,8.02,qwen2.5-coder:32b_psg_P
none,qwen2.5-coder:32b_ee11_psg,4176,123.61,True,9810,failure,13986,ec67e8e6,sg,q32,ec67_pysg,True,8.02,qwen2.5-coder:32b_psg_P
none,qwen2.5-coder:32b_ee11_psg,4261,125.77,True,9810,failure,14071,68531435,sg,q32,6853_pysg,True,8.02,qwen2.5-coder:32b_psg_P
none,qwen2.5-coder:32b_ee11_psg,3874,115.29,True,9810,failure,13684,aed38a47,sg,q32,aed3_pysg,True,8.02,qwen2.5-coder:32b_psg_P
none,qwen2.5-coder:32b_ee11_psg,4204,124.42,True,9810,failure,14014,87073508,sg,q32,8707_pysg,True,8.02,qwen2.5-coder:32b_psg_P
none,qwen2.5-coder:32b_ee11_psg,2317,68.78,True,5714,success,8031,897e1530,sg,q32,897e_pysg,True,8.02,qwen2.5-coder:32b_psg_P
none,qwen2.5-coder:32b_ee11_psg,6269,180.49,True,9810,success,16079,2170bd24,sg,q32,2170_pysg,True,8.02,qwen2.5-coder:32b_psg_P
none,qwen2.5-coder:32b_ee11_psg,4333,128.19,True,9810,failure,14143,db0c8b37,sg,q32,db0c_pysg,True,8.02,qwen2.5-coder:32b_psg_P
none,qwen2.5-coder:32b_ee11_psg,4106,121.54,True,9810,failure,13916,4c496775,sg,q32,4c49_pysg,True,8.02,qwen2.5-coder:32b_psg_P
none,qwen2.5-coder:32b_ee11_psg,6118,176.51,True,9810,failure,15928,23b3cb50,sg,q32,23b3_pysg,True,8.02,qwen2.5-coder:32b_psg_P
none,qwen2.5-coder:32b_ee11_psg,4159,123.09,True,9810,success,13969,e0b68729,sg,q32,e0b6_pysg,True,8.02,qwen2.5-coder:32b_psg_P
none,qwen2.5-coder:32b_ee11_psg,4017,119.28,True,9810,failure,13827,7b12fe77,sg,q32,7b12_pysg,True,8.02,qwen2.5-coder:32b_psg_P
none,qwen2.5-coder:32b_ee11_psg,4195,124.07,True,9810,failure,14005,6ffaf0e2,sg,q32,6ffa_pysg,True,8.02,qwen2.5-coder:32b_psg_P
none,qwen2.5-coder:32b_ee11_psg,4068,120.48,True,9810,success,13878,e29bd43d,sg,q32,e29b_pysg,True,8.02,qwen2.5-coder:32b_psg_P
none,qwen2.5-coder:32b_ee11_psg,4096,121.28,True,9810,success,13906,831b22a1,sg,q32,831b_pysg,True,8.02,qwen2.5-coder:32b_psg_P
none,qwen2.5-coder:32b_ee11_psg,4276,126.28,True,9810,failure,14086,2faa09f2,sg,q32,2faa_pysg,True,8.02,qwen2.5-coder:32b_psg_P
none,qwen2.5-coder:32b_ee11_psg,3955,117.44,True,9810,failure,13765,bca40e9b,sg,q32,bca4_pysg,True,8.02,qwen2.5-coder:32b_psg_P
none,qwen2.5-coder:32b_ee11_psg,4229,125.11,True,9810,success,14039,d38e8a90,sg,q32,d38e_pysg,True,8.02,qwen2.5-coder:32b_psg_P
none,qwen2.5-coder:32b_ee11_psg,4187,123.8,True,9810,failure,13997,986d66a9,sg,q32,986d_pysg,True,8.02,qwen2.5-coder:32b_psg_P
none,qwen2.5-coder:32b_ee11_psg,4557,133.7,True,9810,success,14367,8e69ca71,sg,q32,8e69_pysg,True,8.02,qwen2.5-coder:32b_psg_P
none,qwen2.5-coder:32b_ee11_psg,4088,121.07,True,9810,failure,13898,22620e8d,sg,q32,2262_pysg,True,8.02,qwen2.5-coder:32b_psg_P
none,qwen2.5-coder:32b_ee11_psg,5921,171.05,True,9810,failure,15731,6a92776e,sg,q32,6a92_pysg,True,8.02,qwen2.5-coder:32b_psg_P
none,qwen2.5-coder:32b_ee11_tpusg,5215,203.97,True,10025,success,15240,fcbbeeb8,sg,q32,fcbb_tpusg,True,8.02,qwen2.5-coder:32b_tpusg_P
none,qwen2.5-coder:32b_ee11_tpusg,5224,152.35,True,10025,failure,15249,69cd1e77,sg,q32,69cd_tpusg,True,8.02,qwen2.5-coder:32b_tpusg_P
none,qwen2.5-coder:32b_ee11_tpusg,5355,155.78,True,10025,failure,15380,30f5bf96,sg,q32,30f5_tpusg,True,8.02,qwen2.5-coder:32b_tpusg_P
none,qwen2.5-coder:32b_ee11_tpusg,5434,159.5,True,10025,success,15459,cfc4f3bc,sg,q32,cfc4_tpusg,True,8.02,qwen2.5-coder:32b_tpusg_P
none,qwen2.5-coder:32b_ee11_tpusg,5236,153.42,True,10025,failure,15261,c090659e,sg,q32,c090_tpusg,True,8.02,qwen2.5-coder:32b_tpusg_P
none,qwen2.5-coder:32b_ee11_tpusg,5423,157.67,True,10025,failure,15448,72dd1e4e,sg,q32,72dd_tpusg,True,8.02,qwen2.5-coder:32b_tpusg_P
none,qwen2.5-coder:32b_ee11_tpusg,5421,158.23,True,10025,failure,15446,2cc63f75,sg,q32,2cc6_tpusg,True,8.02,qwen2.5-coder:32b_tpusg_P
none,qwen2.5-coder:32b_ee11_tpusg,5344,155.66,True,10025,failure,15369,30f74dc5,sg,q32,30f7_tpusg,True,8.02,qwen2.5-coder:32b_tpusg_P
none,qwen2.5-coder:32b_ee11_tpusg,5201,151.88,True,10025,failure,15226,4164e79a,sg,q32,4164_tpusg,True,8.02,qwen2.5-coder:32b_tpusg_P
none,qwen2.5-coder:32b_ee11_tpusg,5273,153.63,True,10025,failure,15298,edb48c7e,sg,q32,edb4_tpusg,True,8.02,qwen2.5-coder:32b_tpusg_P
none,qwen2.5-coder:32b_ee11_tpusg,5293,154.21,True,10025,failure,15318,52202468,sg,q32,5220_tpusg,True,8.02,qwen2.5-coder:32b_tpusg_P
none,qwen2.5-coder:32b_ee11_tpusg,4266,124.21,True,7977,success,12243,dc27d14b,sg,q32,dc27_tpusg,True,8.02,qwen2.5-coder:32b_tpusg_P
none,qwen2.5-coder:32b_ee11_tpusg,5157,150.82,True,10025,failure,15182,3e82cbae,sg,q32,3e82_tpusg,True,8.02,qwen2.5-coder:32b_tpusg_P
none,qwen2.5-coder:32b_ee11_tpusg,5257,153.15,True,10025,failure,15282,a4484241,sg,q32,a448_tpusg,True,8.02,qwen2.5-coder:32b_tpusg_P
none,qwen2.5-coder:32b_ee11_tpusg,5244,154.0,True,10025,success,15269,effd2b5b,sg,q32,effd_tpusg,True,8.02,qwen2.5-coder:32b_tpusg_P
none,qwen2.5-coder:32b_ee11_tpusg,5293,154.43,True,10025,failure,15318,fdb8ed8c,sg,q32,fdb8_tpusg,True,8.02,qwen2.5-coder:32b_tpusg_P
none,qwen2.5-coder:32b_ee11_tpusg,5179,151.38,True,10025,failure,15204,53c0da84,sg,q32,53c0_tpusg,True,8.02,qwen2.5-coder:32b_tpusg_P
none,qwen2.5-coder:32b_ee11_tpusg,3881,113.73,True,7931,success,11812,8d05046f,sg,q32,8d05_tpusg,True,8.02,qwen2.5-coder:32b_tpusg_P
none,qwen2.5-coder:32b_ee11_tpusg,5298,154.9,True,10025,failure,15323,cde56864,sg,q32,cde5_tpusg,True,8.02,qwen2.5-coder:32b_tpusg_P
none,qwen2.5-coder:32b_ee11_tpusg,3178,92.7,True,5929,success,9107,d958ce53,sg,q32,d958_tpusg,True,8.02,qwen2.5-coder:32b_tpusg_P
none,qwen2.5-coder:32b_ee11_tpusg,5285,153.96,True,10025,failure,15310,c0830786,sg,q32,c083_tpusg,True,8.02,qwen2.5-coder:32b_tpusg_P
none,qwen2.5-coder:32b_ee11_tpusg,4245,124.59,True,7977,success,12222,63d57eef,sg,q32,63d5_tpusg,True,8.02,qwen2.5-coder:32b_tpusg_P
none,qwen2.5-coder:32b_ee11_tpusg,5415,157.47,True,10025,failure,15440,a4877be0,sg,q32,a487_tpusg,True,8.02,qwen2.5-coder:32b_tpusg_P
none,qwen2.5-coder:32b_ee11_tpusg,5251,153.2,True,10025,failure,15276,96e5032d,sg,q32,96e5_tpusg,True,8.02,qwen2.5-coder:32b_tpusg_P
none,qwen2.5-coder:32b_ee11_tpusg,5415,157.63,True,10025,failure,15440,9f0d493c,sg,q32,9f0d_tpusg,True,8.02,qwen2.5-coder:32b_tpusg_P
none,qwen2.5-coder:32b_ee11_tpusg,3150,91.84,True,5929,success,9079,1d5c407b,sg,q32,1d5c_tpusg,True,8.02,qwen2.5-coder:32b_tpusg_P
none,qwen2.5-coder:32b_ee11_tpusg,5412,157.8,True,10025,failure,15437,d2905e8d,sg,q32,d290_tpusg,True,8.02,qwen2.5-coder:32b_tpusg_P
none,qwen2.5-coder:32b_ee11_tpusg,5244,152.82,True,10025,failure,15269,04bb8d22,sg,q32,04bb_tpusg,True,8.02,qwen2.5-coder:32b_tpusg_P
none,qwen2.5-coder:32b_ee11_tpusg,5335,155.21,True,10025,failure,15360,4ef499d0,sg,q32,4ef4_tpusg,True,8.02,qwen2.5-coder:32b_tpusg_P
none,qwen2.5-coder:32b_ee11_tpusg,5315,154.72,True,10025,failure,15340,90b2eb0c,sg,q32,90b2_tpusg,True,8.02,qwen2.5-coder:32b_tpusg_P
